*SHOW ~ Item descriptions

*ITEM DESCRIPTIONS


# Dendropsophus/
1,2 2,2/4 3,2 4,1 5,1/2 6,1/2 7,1 8,1 9,3 10,2 11,1/2 12,2 13,1/2/3 14,1/2/4
15,1/2 16,2 17,1 18,1 19,1 20,1/2 21,3 22,1/3 23,1/2/3/5/6 24,1 25,1/2/4 26,1/2
27,1/2 28,1/2 29,1 30,1 31,1 32,1/2/3 33,3/4 34,2 35,5 36,2 37,1 38,1/2/3 39,1
40,1 41,1/2 42,1/2 43,1/2 44,4/5/6 45,1 46,1/2/4 47,1/2 48,1/2 49,1/3 50,1/5
51,1/4 52,1/2 53,1/2 54,1 55,1/2 56,1/2 57,1/2 58,1 59,1/2 60,1/2 61,1/2/3
62,1/2/3 63,1/2/3 64,1/2/3 65,1 66,1 67,2 68,1 69,4 70,2 71,3 72,3

# Hyloscirtus/
1,2 2,2 3,2 4,1/2 5,1/2 6,1 7,1 8,1 9,3 10,2/3 11,2 12,2 13,1/2/3 14,1/3/4 15,1
16,2 17,1 18,1 19,1 20,1/2 21,3 22,1/2 23,1/2 24,1/2 25,3 26,1/2 27,1/2 28,1/2
29,1 30,1 31,2 33,1 34,2 35,5 36,2 37,1 38,1/3 39,1 40,1 41,1 42,2 43,1 44,4
45,1 46,1/4 47,1 48,1/2 49,2/3 50,1/5 51,1/4 52,1/2 53,1/2 54,1 55,1 56,2 58,1
59,1/2 60,2 61,2/3 62,2/3 63,2 64,2 65,1 66,1 67,2 68,1 69,4 70,2 71,3 72,3

# Hypsiboas/
1,2/3 2,2/4 3,2 4,1 5,1/2 6,1 7,1 8,1 9,3 10,1/3 11,1/2 12,2 13,1/2 14,1/4 15,1
16,2 17,1/2 18,1 19,1 20,1 21,3 22,1/2 23,4 24,1 25,2/3/4 26,1 27,2 28,1 29,1
30,1 31,2 33,2 34,2 35,5 36,2 37,1 38,3 39,1 40,1 41,1 42,1 43,1 44,4 45,2 46,1
47,1/2 48,1/3 49,1/2 50,1/2 51,2/4 52,1 53,2 54,1 55,1 56,1 57,2 58,1 59,2 60,2
61,2/3 62,2/3 63,2/3 64,2/3 65,1 66,1 67,2 68,1/3 69,4 70,2 71,3/4 72,3

# Pseudis/
1,2 2,2 3,2 4,1 5,1 6,2 7,1 8,1 9,3 10,2 11,2/3 12,2 13,1/2/3 14,1 15,2 16,2
17,1 18,1 19,1 20,1 21,3 22,1 23,1/3 24,1 25,2 26,1 27,2 28,1 29,1 30,2 31,2
33,4 34,2 35,5 36,1 39,1 40,1 41,1 42,1 43,2 44,1 45,1 46,4 47,1 48,1 49,1 50,1
51,1 53,2 54,1 55,1 56,2 58,1 59,2 61,3 62,3 63,3 64,3 65,1 66,1 67,2 68,3 69,4
70,2 71,1 72,3

# Scarthyla/
1,1 2,2 3,2 4,1 5,1/2 6,2 7,1 8,1 9,3 10,1/3 11,2 12,2 13,3 14,2 15,2 16,2 17,1
18,1 19,1 20,1 21,3 22,1 23,2 24,1 25,2 26,1/2 27,1/2 28,1 29,1 30,1 31,2 33,4
34,2 35,5 36,2 37,1 38,3 39,1 40,1 41,1 42,1 43,1 44,4 45,1 46,4 47,4 48,4 49,3
50,5 51,4 52,2 53,7 54,1 55,1 56,1 57,2 58,1 59,1 60,2 61,2 62,2 63,1 64,1 65,1
66,1 67,2 68,1 69,4 70,2 71,3 72,3

# Scinax/
1,2 2,2/3 3,2 4,1 5,1/2 6,1 7,1 8,1 9,3 10,2 11,2 12,2 13,2 14,1/2 15,1 16,2
17,1 18,1 19,1 20,1 21,3 22,1/2 23,1/2/3 24,1 25,2/3 26,1/2 27,1/2 28,1/2 29,1
30,2 31,2 33,3/4 34,2 35,5 36,2 37,1 38,1/3 39,1/2/3 40,1 41,1 42,1 43,1
44,2/4/6/7 45,1 46,1/4 47,1 48,1 49,1/3 50,5 51,3/4 52,2 53,2 54,1 55,1 56,1
57,2 58,1 59,1 60,2 61,1/2 62,2 63,2 64,2 65,1 66,1/2 67,2 68,1 69,4 70,2 71,3
72,3

# Smilisca/
1,2/3 2,2/4 3,2 4,1 5,2 6,1 7,1 8,1 9,3 10,2 11,2 12,2 13,2 14,1/4 15,1 16,2
17,1 18,1 19,1 20,1 21,3 22,1 23,1/3 24,1 25,2/3 26,1/2 27,1/2 28,1/2 29,2/3
30,2 31,2 33,1/4 34,2 35,5 36,2 37,1/2 38,3 39,1 40,1 41,1 42,1/2 43,1 44,1/6
45,1 46,1/4 47,1 48,1 49,1/3 50,1 51,1/4 52,2 53,1/2 54,1 55,1 56,1 57,2 58,1
59,2 60,2 61,2/3 62,2 63,2 64,2 65,1 66,2 67,2 68,1 69,4 70,2 71,3 72,3

# Trachycephalus/
1,1/3 2,2 3,2 4,1 5,1 6,1 7,1 8,1 9,3 10,2 11,2 12,2 13,2 14,1 15,1 16,2 17,1
18,1 19,1 20,1 21,3 22,1 23,1 24,1 25,2 26,1 27,2 28,1 29,4 30,2 31,2 33,4 34,2
35,5 36,2 37,1 38,1/2/3 39,1 40,1 41,1 42,2 43,1 44,4 45,1 46,1 47,1 48,1 49,1
50,1/5 51,4 52,2 53,2 54,1 55,1 56,1 57,2 58,1 59,1 60,2 61,2 62,2 63,2 64,2
65,1 66,1 67,2 68,1 69,4 70,2 71,3 72,3

# Agalychnis/
1,2 2,2 3,2 4,1 5,2 6,1 7,1 8,1 9,3 10,2 11,2 12,2 13,2 14,3 15,1 16,3 17,2 18,3
19,1 20,1 21,3 22,1 23,2 24,1 25,2 26,2 27,2 28,1 29,1 30,2 31,2 33,1 34,2 35,5
36,2 37,1 38,3 39,1 40,1 41,1 42,1 43,2 44,9 45,1 46,2 47,2 48,1 49,1 50,5 51,1
52,1 53,1 54,1 55,1 56,2 57,1 58,1 59,2 60,2 61,2 62,1 63,1 64,1 65,2 66,1 67,2
68,1 69,4 70,2 71,3 72,3

# Phyllomedusa/
1,3 2,2 3,2 4,1 5,2 6,1 7,1 8,1 9,3 10,2 11,2 12,2 13,1/2 14,3 15,1 16,3 17,1
18,3 19,1 20,1 21,3 22,1 23,2 24,1 25,2 26,2 27,2 28,1 29,1 30,2 31,2 33,3 34,2
35,2 36,2 37,1 38,3 39,1 40,1 41,1 42,1 43,2 44,6 45,1 46,4 47,4 48,4 49,3 50,5
51,3 52,1 53,1 54,1 55,1 56,2 57,1 58,1 59,2 60,2 61,4 62,4 63,4 64,4 65,2 66,1
67,2 68,2 69,3 70,2 71,3 72,3

# Pithecopus/
1,2 2,4 3,2 4,1 5,1 6,1 7,1 8,1 9,3 10,2 11,2 12,2 13,1 14,4 15,1 16,3 17,1 18,3
19,1 20,2 22,3 25,2 26,1/2 27,2 28,1 29,1 30,2 31,2 33,4 34,2 35,5 36,2 37,1
39,1 40,1 41,1 42,1 43,2 44,9 45,1 46,4 47,4 48,4 49,3 50,5 51,4 52,1 53,1 54,1
55,1 56,2 57,1 58,2 59,2 60,2 61,1 62,1 63,4 64,4 65,2 66,1 67,2 68,1 69,3 70,2
71,3 72,3

# Engystomops/
1,1/2 2,3 3,2 4,1 5,2 6,1 7,1 8,3 9,3 10,2 11,2 12,2 13,2 14,2 15,1 16,2 17,1
18,1 19,2 20,2 22,3 25,1 26,2 27,1 28,1 29,2 30,2 31,2 33,4 34,2 35,2 36,1 39,1
40,2 41,1 42,1 43,1 44,2 45,1 46,4 47,4 48,4 49,3 50,4 51,4 52,2 53,2 54,1 55,1
56,1 57,2 58,1 59,1 61,4 62,4 63,4 64,4 65,1 66,1 67,2 68,2 69,3 70,2 71,1 72,3

# Leptodactylus/
1,2/3 2,2/3/4 3,1/2 4,1/2 5,1/2 6,1/2 7,1 8,1 9,3 10,3 11,2 12,2 13,1/2/3
14,1/2/4 15,1/2 16,2 17,1 18,1 19,1 20,1 21,3 22,1/2 23,1/4 24,2 25,1/2/4 26,1/2
27,2 28,1 29,1/4 30,1/2 31,2 33,1/4 34,2 35,5 36,1 39,9/11 40,2 41,1 42,1 43,1/2
44,4 45,1/2 46,4 47,4 48,4 49,1/3 50,1 51,4 52,2 53,1/5/6 54,1 55,1 56,1/2 57,2
58,1 59,1 61,1 62,1 63,1 64,1 65,1 66,1 67,2 68,1/2 69,4 70,1 71,1 72,3

# Physalaemus/
1,1 2,3 3,2 4,1 5,2 6,1 7,1 8,1 9,3 10,3 11,1 12,2 13,1 14,1 15,2 16,2 17,1 18,1
19,2 20,2 22,3 25,1 26,2 27,1 28,1 29,2 30,2 31,2 33,1 34,2 35,5 36,1 39,5 40,2
41,1 42,1 43,1 44,4 45,1 46,1 47,1 48,1 49,1 50,5 51,3 52,2 53,2 54,1 55,1 56,2
58,1 59,1 61,1 62,1 63,1 64,1 65,1 66,1 67,2 68,1 69,1 70,1 71,1 72,3

# Pleurodema/
1,2 2,2 3,2 4,1 5,2 6,2 7,1 8,1 9,3 10,3 11,3 12,2 13,2 14,1/4 15,2 16,2 17,1
18,1 19,1 20,1 21,3 22,1 23,2 24,1 25,1 26,1/2 27,1/2 28,1 29,1 30,2 31,2 33,4
34,2 35,5 36,1 39,11 40,2 41,1 42,1 43,1 44,2 45,1 46,4 47,4 48,4 49,1 50,5 51,4
52,2 53,5 54,1 55,1 56,2 58,1 59,1 61,1 62,1 63,1 64,1 65,1 66,1 67,2 68,2 69,2
70,2 71,1 72,3

# Pseudopaludicola/
1,1 2,3 3,2 4,1 5,2 6,1 7,1 8,1 9,3 10,2 11,2 12,2 13,1/3 14,2 15,1 16,2 17,1
18,1 19,2 20,2 22,3 25,1 26,2 27,1 28,1 29,1 30,1 31,2 33,4 34,2 35,5 36,1 39,2
40,2 41,1 42,1 43,2 44,2 45,1 46,4 47,4 48,4 49,1 50,5 51,4 53,2 54,1 55,1 56,2
58,1 59,1 61,1 62,1 63,1 64,1 65,1 66,1 67,2 68,2 69,4 70,2 71,1 72,3

# Rheobates/
1,1/2 2,2 3,2 4,2 5,3 6,1 7,1 8,1 9,3 10,1/3 11,2 12,2 13,3 14,2 15,2 16,2 17,1
18,1 19,1 20,2 22,3 25,1/5 26,1/2 27,1/2 28,1 29,1 30,1/2 31,2 33,4 34,2 35,5
36,2 37,3 39,8 40,2 41,1 42,1 43,2 44,1 45,1 46,4 47,4 48,4 49,1 50,1 51,4 53,5
54,1 55,1 56,2 58,1 59,1 60,1/2/3 61,2 62,2 63,2 64,2 65,1 66,1 67,2 68,1 69,4
70,2 71,3 72,3

# Allobates/
1,1 2,2 3,2 4,2 5,3 6,2 7,1 8,1 9,3 10,2/3 11,2 12,2 13,1 14,2 15,2 16,2 17,1
18,1 19,1 20,1 21,3 22,3 25,1 26,2 27,1 28,1 29,1 30,1 31,2 33,4 34,2 35,5 36,2
37,3 38,3 39,11 40,2 41,1 42,1 43,2 44,1 45,1 46,4 47,4 48,4 49,1 50,3 51,4 53,5
54,1 55,1 56,2 58,1 59,1 60,2 61,1 62,1 63,1 64,1 65,1 66,1 67,2 68,1 69,4 70,2
71,1 72,3

# Oophaga/
1,2 2,4 3,2 4,2 5,3 6,2 7,1 8,1 9,3 10,1 11,2 12,2 13,1 14,2 15,2 16,2 17,1 18,3
19,1 20,1 21,3 22,3 25,1 26,2 27,1 28,1 29,4 30,2 31,2 33,4 34,2 35,5 36,2 37,3
38,3 39,1 40,1 41,1 42,1 43,2 44,1 45,3 46,4 47,4 48,4 49,3 50,5 51,4 53,5 54,1
55,1 56,2 58,1 59,1 60,2 61,4 62,4 63,4 64,4 65,1 66,1 67,2 68,1 69,4 70,2 71,1
72,3

# Hyloxalus/
1,1/2 2,3 3,2 4,2 5,3 6,2 7,1 8,1 9,3 10,2 11,2 12,2 13,1 14,2 15,2 16,2 17,1
18,1 19,1 20,1 21,3 22,3 25,1 26,2 27,1 28,1 29,5 30,1 31,2 33,4 34,2 35,5 36,2
37,3 38,3 39,1 40,1 41,1 42,1 43,2 44,1 45,1 46,4 47,4 48,4 49,1 50,1 51,4 53,5
54,1 55,1 56,2 58,1 59,1 60,2 61,4 62,4 63,4 64,4 65,1 66,1 67,2 68,3 69,4 70,2
71,1 72,3

# Dendrobates/
1,2 2,4 3,2 4,2 5,3 6,2 7,1 8,1 9,3 10,1 11,2 12,2 13,1/2 14,2 15,2 16,2 17,1
18,3 19,1 20,2 22,3 25,1 26,2 27,1 28,1 29,1 30,2 31,2 33,4 34,2 35,5 36,2 37,3
39,1 40,1 41,1 42,1 43,2 44,1 45,1 46,4 47,4 48,4 49,1 50,1 51,4 53,5 54,1 55,1
56,2 58,1 59,1 60,2 61,4 62,4 63,4 64,4 65,1 66,1 67,2 68,1 69,4 70,2 71,1 72,3

# Andinobates/
1,2 2,3 3,2 4,2 5,3 6,2 7,1 8,1 9,3 10,3 11,2 12,2 13,2 14,2 15,2 16,2 17,1 18,3
19,1 20,1 21,3 22,3 25,1 26,2 27,1 28,1 29,1 30,1 31,2 33,4 34,2 35,5 36,2 37,3
38,3 39,2 40,1 41,1 42,1 43,2 44,1 45,1 46,4 47,4 48,4 49,3 50,5 51,4 53,5 54,1
55,1 56,2 58,1 59,1 60,2 61,4 62,4 63,4 64,4 65,1 66,1 67,2 68,3 69,4 70,2 71,1
72,3

# Ceratophrys/
1,3 2,2 3,2 4,1 5,2 6,2 7,1 8,3 9,2 10,1 11,2 12,2 13,2 14,2 15,2 16,2 17,1 18,2
19,1 20,1 21,3 22,3 25,1 26,2 27,1 28,1 29,1 30,2 31,2 33,4 34,2 35,5 36,1 39,8
40,1 41,1 42,1 43,2 44,2 45,1 46,4 47,4 48,4 49,3 50,1 51,4 53,5 54,1 55,1 56,2
58,1 59,2 61,1 62,1 63,1 64,1 65,1 66,1 67,2 68,2 69,4 70,2 71,1 72,3

# Cryptobatrachus/
1,2 2,2 3,2 4,1 5,2 6,1 7,1 8,1 9,3 10,1 11,2 12,2 13,3 14,1 15,1 16,2 17,1 18,1
19,1 20,1 21,3 22,1 23,1 24,2 25,5 26,1 27,2 28,1 29,1 30,2 31,2 33,1 34,2 35,5
36,2 37,3 38,2 39,8 40,1 41,1 42,1 43,1 44,2/9 45,3 46,4 47,4 48,4 49,3 50,1
51,4 52,2 53,1 54,1 55,1 56,2 58,1 59,2 60,2 61,3 62,3 63,2 64,2 65,1 66,1 67,2
68,3 69,4 70,2 71,1 72,3

# Lithobates/
1,3 2,2 3,2 4,1 5,3 6,1 7,1 8,1 9,3 10,2 11,2 12,2 13,1 14,2 15,1 16,2 17,1 18,1
19,1 20,1 21,3 22,1 23,2 24,1 25,1 26,2 27,2 28,1 29,5 30,2 31,2 33,4 34,2 35,5
36,1 39,7 40,2 41,1 42,1 43,2 44,4 45,1 46,4 47,4 48,4 49,1 50,5 51,4 53,2 54,1
55,1 56,2 58,1 59,2 61,2 62,2 63,2 64,2 65,1 66,1 67,2 68,3 69,4 70,1 71,2 72,3

# Elachistocleis/
1,1 2,2 3,2 4,2 5,3 6,1 7,1 8,1 9,3 10,1 11,2 12,2 13,3 14,1 15,1 16,2 17,1 18,1
19,2 20,2 22,3 25,1 26,2 27,1 28,1 29,1 30,2 31,2 33,4 34,2 35,5 36,1 39,1 40,2
41,1 42,1 43,2 44,6 45,1 46,4 47,4 48,4 49,1 50,5 51,4 53,5 54,1 55,1 56,2 58,1
59,2 61,1 62,1 63,1 64,1 65,1 66,2 67,2 68,1 69,4 70,1 71,1 72,3

# Ctenophryne/
1,2 2,2 3,2 4,2 5,3 6,1 7,1 8,1 9,3 10,1 11,2 12,2 13,2 14,1 15,1 16,2 17,1 18,1
19,2 20,2 22,3 25,1 26,2 27,2 28,1 29,1 30,2 31,2 33,4 34,2 35,5 36,1 39,1 40,2
41,1 42,1 43,2 44,6 45,1 46,4 47,4 48,4 49,1 50,5 51,4 53,5 54,1 55,1 56,2 58,1
59,2 61,1 62,1 63,1 64,1 65,2 66,2 67,2 68,1 69,4 70,1 71,1 72,3

# Rhinella/
1,2/3 2,2/3/4 3,2 4,1 5,2 6,1 7,1 8,3/4 9,1 10,2 11,2 12,2 13,1/2/3 14,1/2/4
15,1 16,2 17,1 18,2 19,1 20,1 21,3 22,3 25,1/2 26,2 27,1 28,1 29,1 30,1/2 31,2
33,3/4 34,2 35,5 36,1 39,5/10 40,1 41,1 42,1 43,1 44,1 45,1 46,1/4 47,1/4 48,1/4
49,1/3 50,1/3/5 51,3/4 52,1/2 53,2/5 54,1 55,1 56,1 57,1 58,1 59,1 61,1/2/3
62,1/2/3 63,1 64,1 65,1 66,1 67,2 68,4/5 69,3 70,1/2 71,3/5/6 72,3

# Rhaebo/
1,1 2,3 3,2 4,1 5,2 6,1 7,1 8,4 9,3 10,3 11,2 12,2 13,1/3 14,2 15,1 16,2 17,1
18,2 19,1 20,1 21,3 22,3 25,2 26,2 27,1 28,1 29,1 30,1 31,2 33,4 34,2 35,5 36,1
39,10 40,1 41,1 42,1 43,1 44,1/2 45,1 46,4 47,4 48,4 49,1 50,1 51,3 52,2 53,5
54,1 55,1 56,2 58,1 59,1 61,1 62,1 63,1 64,1 65,2 66,1 67,2 68,1 69,3 70,2 71,2
72,3

# Gastroteca/
1,3 2,2 3,2 4,1 5,2 6,1 7,1 8,1 9,3 10,1/2 11,2 12,2 13,1 14,1 15,1 16,2 17,1
18,1 19,1 20,1 21,3 22,1/2 23,1 24,1 25,2 26,1 27,2 28,2 29,1 30,2 31,2 33,4
34,2 35,5 36,2 37,1 38,2 39,1 40,1 41,1 42,1 43,1 44,4 45,1 46,1/4 47,1/4 48,1/4
49,1 50,1 51,4 52,2 53,2 54,1 55,1 56,1 57,1 58,1 59,2 60,2 61,1 62,1 63,1 64,1
65,1 66,1 67,2 68,1 69,4 70,2 71,3 72,3

# Atelopus/
1,1 2,3 3,2 4,2 5,2 6,1 7,1 8,2 9,1 10,3 11,2 12,2 13,1 14,2 15,2 16,2 17,1 18,3
19,2 20,2 22,3 25,1 26,2 27,2 28,1 29,1 30,1 31,2 33,4 34,2 35,5 36,1 39,1 40,1
41,1 42,1 43,2 44,1 45,3 46,2 47,1 48,1 49,1 50,5 51,4 53,7 54,1 55,1 56,2 58,1
59,1 61,3 62,2 63,2 64,2 65,1 66,1 67,2 68,1 69,4 70,2 71,6 72,3

# Nymphargus/
1,1 2,2 3,2 4,1 5,2 6,1 7,1 8,1 9,3 10,2 11,2 12,2 13,2 14,4 15,1 16,2 17,1 18,1
19,1 20,1 21,3 22,1/3 23,5 24,2 25,1/3 26,1 27,1 28,2 29,1 30,1 31,2 33,4 34,2
35,5 36,2 37,2 38,2 39,1 40,1 41,1 42,2 43,1 44,2 45,1 46,4 47,4 48,1/4 49,1
50,5 51,4 52,2 53,2 54,1 55,1 56,2 58,1 59,2 60,2 61,1 62,2 63,1 64,1 65,1 66,1
67,2 68,1 69,4 70,2 71,3 72,2

# Hyalinobatrachium/
1,1 2,1 3,2 4,1 5,2 6,1 7,1 8,1 9,3 10,2 11,2 12,2 13,2 14,4 15,1 16,2 17,1 18,1
19,2 20,2 22,3 25,1/4 26,2 27,2 28,1 29,1 30,1/2 31,2 33,4 34,2 35,5 36,2 37,2
39,8 40,1 41,1 42,2 43,1 44,1 45,1 46,4 47,1 48,2 49,3 50,5 51,4 52,2 53,1 54,1
55,1 56,2 58,1 59,1 60,2 61,2 62,2 63,2 64,2 65,1 66,1 67,2 68,1 69,4 70,2 71,3
72,1

# Rulyrana/
1,1 2,1 3,2 4,1 5,2 6,1 7,1 8,1 9,3 10,2 11,2 12,2 13,2 14,4 15,1 16,2 17,1 18,1
19,1 20,1 21,3 22,1 23,2 24,1 25,3 26,1 27,2 28,1 29,1 30,2 31,2 33,4 34,2 35,5
36,2 37,2 38,1 39,8 40,1 41,1 42,2 43,1 44,2 45,1 46,1 47,1 48,2 49,3 50,5 51,1
52,2 53,1 54,1 55,1 56,2 58,1 59,2 60,3 61,3 62,3 63,3 64,3 65,1 66,1 67,2 68,1
69,4 70,2 71,3 72,2

# Espadarana/
1,1 2,1 3,2 4,1 5,2 6,1 7,1 8,1 9,3 10,2 11,2 12,2 13,2 14,4 15,1 16,2 17,1 18,1
19,1 20,1 21,3 22,1 23,2 24,1 25,3 26,1 27,1/2 28,1 29,1 30,1 31,2 33,4 34,1
35,5 36,2 37,2 38,2 39,8 40,1 41,1 42,1 43,1 44,1 45,1 46,1 47,1 48,2 49,3 50,5
51,4 52,2 53,1 54,1 55,1 56,2 58,1 59,2 60,2 61,2 62,2 63,2 64,2 65,1 66,1 67,1
68,1 69,4 70,2 71,3 72,2

# Centrolene/
1,1/2 2,1 3,2 4,1 5,2 6,1 7,1 8,1 9,3 10,2 11,2 12,2 13,2 14,1 15,1 16,2 17,1
18,1 19,1 20,1 21,3 22,3 25,1 26,1 27,2 28,1 29,1 30,1 31,2 33,4 34,1 35,5 36,2
37,2 38,2 39,8 40,1 41,1 42,1 43,1 44,2 45,1 46,4 47,4 48,4 49,1 50,1 51,1 52,2
53,1 54,1 55,1 56,1 57,2 58,1 59,2 60,2 61,2 62,2 63,2 64,2 65,1 66,1 67,2 68,1
69,4 70,2 71,3 72,1

# Craugastor/
1,1/2 2,2/3/4 3,2 4,1/2 5,1/2 6,1 7,1 8,1 9,3 10,2 11,2 12,2 13,2 14,1/4 15,1
16,2 17,1 18,1 19,1 20,1 21,3 22,1 23,1 24,2 25,1/3 26,1 27,2 28,1 29,1/5 30,1
31,2 33,4 34,2 35,5 36,2 37,2 38,3 39,12 40,2 41,1 42,1 43,2 44,4/6 45,1 46,1/4
47,1/4 48,1/4 49,1 50,1 51,4 53,5 54,1 55,1 56,2 58,1 59,1 60,2 61,1/2 62,1 63,1
64,1 65,1 66,1 67,2 68,1 69,4 70,2 71,3 72,3

# Pristimantis/
1,1/2 2,2/3/4 3,2 4,1 5,2 6,1 7,1 8,1 9,1/3 10,1/2 11,1/2 12,2 13,2 14,1/4 15,1
16,2 17,1 18,1 19,1 20,1 21,3 22,1 23,3 24,2 25,2/5 26,1 27,1/2 28,1 29,1/4 30,1
31,2 33,3/4 34,2 35,2/5 36,2 37,2 38,1/2/3 39,1/7 40,2 41,1 42,1 43,2 44,4 45,1
46,1/4 47,1/4 48,1/4 49,1/3 50,1/3/5 51,4 53,1 54,1 55,1 56,2 58,1 59,1 60,2
61,1/4 62,1/4 63,1/4 64,1/4 65,1 66,1 67,2 68,1/2/3/5 69,4 70,2 71,1/3/4 72,3

# Tachiramantis/
1,1 2,3 3,2 4,1 5,2 6,1 7,1 8,1 9,3 10,1 11,1 12,2 13,2 14,1/2 15,1 16,2 17,1
18,1 19,1 20,1 21,3 22,1 23,2 24,2 25,2 26,2 27,2 28,1 29,1/4/5 30,1 31,2 33,4
34,2 35,5 36,2 37,2 38,3 39,1 40,2 41,1 42,1 43,2 44,4 45,1 46,4 47,4 48,4 49,1
50,5 51,4 53,1 54,1 55,1 56,2 58,1 59,1 60,2 61,4 62,4 63,4 64,4 65,1 66,2 67,2
68,1/3 69,4 70,2 71,3 72,3

# Diasporus/
1,1 2,3 3,2 4,1 5,2 6,1 7,1 8,1 9,3 10,2 11,1 12,2 13,2 14,1 15,1 16,2 17,1 18,1
19,1 20,1 21,3 22,3 25,1 26,2 27,1 28,1 29,1 30,2 31,2 33,4 34,2 35,5 36,2 37,1
38,3 39,4 40,2 41,1 42,1 43,2 44,1 45,1 46,4 47,4 48,4 49,3 50,5 51,4 53,3 54,1
55,1 56,2 58,1 59,1 60,2 61,4 62,4 63,4 64,4 65,1 66,2 67,2 68,1 69,4 70,2 71,4
72,3

# Eleutherodactylus/
1,1 2,3 3,2 4,1 5,2 6,1 7,1 8,1 9,3 10,2 11,1 12,2 13,2 14,1 15,1 16,2 17,1 18,1
19,1 20,1 21,3 22,1 23,2 24,2 25,1 26,2 27,2 28,1 29,1 30,2 31,2 33,4 34,2 35,5
36,2 37,1 38,3 39,1 40,2 41,1 42,1 43,2 44,1 45,1 46,4 47,4 48,4 49,3 50,5 51,4
53,3 54,1 55,1 56,2 58,1 59,1 60,2 61,4 62,4 63,4 64,4 65,1 66,2 67,2 68,3 69,4
70,2 71,3 72,3

