Especies	C_1	C_2	C_3	C_4	C_5	C_6	C_7	C_8	C_9	C_10	C_11	C_12	C_13	C_14	C_15	C_16	C_17	C_18	C_19	C_20	C_21	C_22	C_23	C_24	C_25	C_26	C_27	C_28	C_29	C_30	C_31	C_32	C_33	C_34	C_35	C_36	C_37	C_38	C_39	C_40	C_41	C_42	C_43	C_44	C_45	C_46	C_47	C_48	C_49	C_50	C_51	C_52	C_53	C_54	C_55	C_56	C_57	C_58	C_59	C_60	C_61	C_62	C_63	C_64	C_65	C_66	C_67	C_68	C_69	C_70	C_71
Smilisca sila_01	3	2	1	3	4	4	1	2	1	1	2	1	2	1	2	2	1	1	1	3	1	2	1	2	1	3	1	2	2	2	4	2	1	2	3	1	1	1	1	1	1	1	2	1	1	5	1	4	1	1	1	1	2	1	2	2	1	3	2	2	2	1	2	4	2	1	3	3	2	2	2
Smilisca sila_02	3	2	1	3	2	1	1	2	1	1	2	1	2	1	2	1	1	1	1	3	1	2	1	2	1	1	1	2	2	2	4	2	1	2	3	1	1	1	1	1	1	1	2	1	1	5	1	4	1	1	1	1	2	1	2	2	2	2	2	2	2	1	2	4	2	1	3	3	2	2	2
Trachycephalus typhonius_01	3	2	1	3	2	1	1	1	1	1	2	1	2	1	2	1	1	1	1	3	1	1	2	1	1	1	1	2	4	2	4	2	4	2	3	1	1	1	1	1	2	1	2	4	1	5	5	4	1	1	1	1	2	1	1	2	2	2	2	2	2	1	1	4	2	1	3	3	2	2	2
Trachycephalus typhonius_02	3	2	1	3	2	1	1	1	1	1	2	1	2	1	2	2	1	1	1	3	1	1	2	1	1	1	1	2	4	2	4	2	4	2	3	1	1	1	1	1	2	1	2	4	1	5	5	4	1	1	1	1	2	1	1	2	2	2	2	2	2	1	1	4	2	1	3	3	2	2	2
Trachycephalus typhonius_03	3	2	1	3	2	1	1	1	1	1	2	1	2	1	2	1	1	1	1	3	1	1	2	1	1	1	1	2	4	2	4	2	4	2	1	1	1	1	1	1	2	1	2	4	1	5	5	4	1	1	1	1	2	1	1	2	2	2	2	2	2	1	1	4	2	1	3	3	2	2	2
Trachycephalus typhonius_04	3	2	1	3	2	1	1	1	1	1	2	1	2	1	2	1	1	1	1	3	1	1	2	1	1	1	1	2	4	2	4	2	4	2	2	1	1	1	1	1	2	1	2	4	1	5	5	4	1	1	1	1	2	1	1	2	2	2	2	2	2	1	1	4	2	1	3	3	2	2	2
Trachycephalus typhonius_05	3	2	1	3	2	1	1	1	1	1	2	1	2	1	2	1	1	1	1	3	1	1	2	1	1	1	1	2	4	2	4	2	4	2	3	1	1	1	1	1	2	1	2	4	1	5	1	4	1	1	1	1	2	1	1	2	2	2	2	2	2	1	1	4	2	1	3	3	2	2	2
Smilisca phaeota_01	3	2	1	3	2	1	1	2	1	1	2	1	2	1	2	2	1	1	1	3	1	1	2	2	1	1	1	3	3	2	4	2	4	2	3	1	5	1	1	1	1	1	2	1	1	5	1	4	3	1	1	1	2	1	2	2	1	2	2	2	2	1	2	4	2	1	3	3	2	2	2
Smilisca phaeota_02	3	2	1	3	2	1	1	2	1	1	2	1	2	1	2	1	1	1	1	3	1	2	2	2	1	1	1	3	3	2	4	2	4	2	3	1	5	1	1	1	1	1	2	6	1	5	1	4	3	1	1	1	2	1	2	2	1	2	2	2	2	1	2	4	2	1	3	3	2	2	2
Smilisca phaeota_03	3	2	1	3	2	1	1	2	1	1	2	1	2	1	2	2	1	1	1	3	1	1	2	2	1	1	1	3	3	2	4	2	4	2	3	1	1	1	1	1	1	1	2	6	1	5	1	4	3	1	1	1	2	1	2	2	2	2	2	2	2	1	2	4	2	1	3	3	2	2	2
Smilisca phaeota_04	3	2	1	3	2	1	1	2	1	1	2	1	2	1	2	2	1	1	1	3	1	1	2	2	1	1	1	3	3	2	4	2	4	2	3	1	5	1	1	1	1	1	2	6	1	5	1	1	3	1	1	1	2	1	2	2	2	2	2	2	2	1	2	4	2	1	3	3	2	2	2
Smilisca phaeota_05	3	2	1	3	2	4	1	2	1	1	2	1	2	1	2	2	1	1	1	3	1	2	2	2	1	1	1	3	3	2	4	2	4	2	3	1	5	1	1	1	1	1	2	6	1	5	1	4	3	1	1	1	2	1	2	2	2	2	2	2	2	1	2	4	2	1	3	3	2	2	2
Smilisca phaeota_06	3	2	1	3	2	1	1	2	1	1	2	1	2	1	2	2	1	1	1	3	1	1	2	2	1	1	1	3	3	2	4	2	4	2	3	1	5	1	1	1	2	1	2	1	1	5	1	4	3	1	1	1	2	1	2	2	2	2	2	2	2	1	2	4	2	1	3	3	2	2	2
Smilisca phaeota_07	3	2	1	3	2	1	1	2	1	1	2	1	2	1	2	1	1	1	1	3	1	1	2	2	1	1	1	3	3	2	4	2	4	2	3	1	5	1	1	1	1	1	2	6	1	5	1	4	3	1	1	1	2	1	2	2	2	2	2	2	2	1	2	4	2	1	3	3	2	2	2
Smilisca phaeota_08	3	2	1	3	2	1	1	2	1	1	2	1	2	1	2	2	1	1	1	3	1	1	2	1	1	1	1	3	3	2	4	2	4	2	3	1	5	1	1	1	1	1	2	6	1	5	1	4	3	1	1	1	2	1	2	2	2	2	2	2	2	1	2	4	2	1	3	3	2	2	2
Smilisca phaeota_09	3	2	1	3	2	1	1	2	1	1	2	1	2	1	2	1	1	1	1	3	1	1	1	2	1	1	1	3	3	2	4	2	4	2	3	1	5	1	1	1	1	1	2	6	1	5	1	4	3	1	1	1	2	1	2	2	2	2	2	2	2	1	2	4	2	1	3	3	2	2	2
Smilisca phaeota_10	3	2	1	3	2	1	1	2	1	1	2	1	2	1	2	1	1	1	1	3	1	1	1	2	1	1	1	3	3	2	4	2	4	2	3	1	5	1	1	1	1	1	2	6	1	5	1	4	3	1	1	1	2	1	2	2	2	2	2	2	2	1	2	4	2	1	3	3	2	2	2
Scinax x-signatus_01	3	2	1	3	3	1	1	2	1	1	2	1	2	1	2	2	1	1	1	3	1	2	1	2	1	1	1	3	1	2	4	2	4	2	3	2	1	1	1	1	1	1	2	6	1	5	5	4	3	1	1	1	2	1	1	2	2	1	2	2	2	1	2	4	2	1	3	3	2	2	2
Scinax x-signatus_02	3	2	1	3	3	1	1	2	1	1	2	1	2	1	2	2	1	1	1	3	1	2	1	2	1	3	1	3	1	2	4	2	4	2	3	1	1	1	1	1	1	1	2	6	1	5	5	4	3	1	1	1	2	1	1	2	2	1	2	2	2	1	2	4	2	1	3	3	2	2	2
Scinax x-signatus_03	3	2	1	3	3	1	1	2	1	1	2	1	2	1	2	2	1	1	1	3	1	2	1	2	1	3	1	3	1	2	4	2	4	2	3	2	1	1	1	1	1	1	2	4	1	5	5	4	3	1	1	1	2	1	1	2	2	1	2	2	2	1	2	4	2	1	3	3	2	2	2
Scinax rostratus_01	3	2	1	3	3	2	1	2	1	1	2	1	2	1	2	1	1	1	1	3	1	1	2	2	1	3	1	3	1	2	4	2	4	3	2	1	1	1	1	1	1	1	2	7	1	5	5	4	3	1	1	1	2	1	1	2	2	1	2	2	2	1	1	4	2	1	3	3	2	2	2
Scinax rostratus_02	3	2	1	3	3	2	1	2	1	1	2	1	2	1	2	1	1	1	1	3	1	2	2	2	1	3	1	3	1	2	4	2	4	3	3	1	1	1	1	1	1	1	2	7	1	5	5	4	3	1	1	1	2	1	1	2	2	1	2	2	2	1	1	4	2	1	3	3	2	2	2
Scinax rostratus_03	3	2	1	3	3	2	1	2	1	1	2	1	2	1	2	1	1	1	1	3	1	2	2	2	1	3	1	3	1	2	4	2	4	3	2	1	1	1	1	1	1	1	2	7	1	5	5	4	3	1	1	1	2	1	1	2	2	1	2	2	2	1	1	4	2	1	3	3	2	2	2
Scinax rostratus_04	3	2	1	3	3	2	1	2	1	1	2	1	2	1	2	2	1	1	1	3	1	2	2	2	1	1	1	3	1	2	4	2	4	3	3	1	1	1	1	1	1	1	2	7	1	5	5	4	3	1	1	1	2	1	1	2	2	1	2	2	2	1	1	4	2	1	3	3	2	2	2
Scinax rostratus_05	3	2	1	3	3	2	1	2	1	1	2	1	2	1	2	2	1	1	1	3	1	2	2	2	1	1	1	3	1	2	4	2	4	3	3	1	1	1	1	1	1	1	2	7	1	5	5	4	3	1	1	1	2	1	1	2	2	1	2	2	2	1	1	4	2	1	3	3	2	2	2
Scinax rostratus_06	3	2	1	3	3	2	1	2	1	1	2	1	2	1	2	2	1	1	1	3	1	2	2	1	1	3	1	3	1	2	4	2	4	3	3	3	1	1	1	1	1	1	2	7	1	5	5	4	3	1	1	1	2	1	1	2	2	1	2	2	2	1	1	4	2	1	3	3	2	2	2
Scinax rostratus_07	3	2	1	3	3	2	1	2	1	1	2	1	2	1	2	2	1	1	1	3	1	2	2	1	1	2	1	3	1	2	4	2	4	3	3	1	5	1	1	1	1	1	2	6	1	5	5	4	3	1	1	1	2	1	1	2	2	1	2	2	2	1	1	4	2	1	3	3	2	2	2
Scinax rostratus_08	3	2	1	3	3	2	1	2	1	1	2	1	2	1	2	2	1	1	1	3	1	2	2	1	2	2	1	3	1	2	4	2	4	3	3	1	5	1	1	1	1	1	2	6	1	5	5	4	3	1	1	1	2	1	1	2	2	1	2	2	2	1	1	4	2	1	3	3	2	2	2
Scinax rostratus_09	3	2	1	3	3	2	1	2	1	1	2	1	2	1	2	2	1	1	1	3	1	2	2	1	1	1	1	3	1	2	4	2	4	3	3	1	5	1	1	1	1	1	2	6	1	5	5	4	3	1	1	1	2	1	1	2	2	1	2	2	2	1	1	4	2	1	3	3	2	2	2
Scinax rostratus_10	3	2	1	3	3	2	1	2	1	1	2	1	2	1	2	2	1	1	1	3	1	2	2	1	2	3	1	3	1	2	4	2	4	3	3	1	5	1	1	1	1	1	2	6	1	5	5	4	3	1	1	1	2	1	1	2	2	1	2	2	2	1	1	4	2	1	3	3	2	2	2
Scinax ruber_01	3	2	1	3	3	1	1	2	1	1	2	1	2	1	2	2	1	1	1	3	1	1	2	2	1	2	1	2	1	2	4	2	4	3	3	1	1	1	1	1	1	1	2	4	1	5	5	4	3	1	1	1	2	1	1	2	2	1	2	2	2	1	1	4	2	1	3	3	2	2	2
Scinax ruber_02	3	2	1	3	3	1	1	1	1	1	2	1	2	1	2	2	1	1	1	3	1	1	2	2	1	2	1	2	1	2	4	2	4	3	3	1	1	1	1	1	1	1	2	4	1	5	5	4	3	1	1	1	2	1	1	2	2	1	2	2	2	1	1	4	2	1	3	3	2	2	2
Scinax ruber_03	3	2	1	3	3	1	1	1	1	1	2	1	2	1	2	2	1	1	1	3	1	1	2	2	1	2	1	2	1	2	4	2	4	3	3	1	1	1	1	1	1	1	2	4	1	5	5	4	3	1	1	1	2	1	1	2	2	1	2	2	2	1	1	4	2	1	3	3	2	2	2
Scinax ruber_04	3	2	1	3	3	1	1	2	1	1	2	1	2	1	2	2	1	1	1	3	1	1	2	2	1	2	1	2	1	2	4	2	4	3	3	1	1	1	1	1	1	1	2	4	1	5	5	4	3	1	1	1	2	1	1	2	2	1	2	2	2	1	1	4	2	1	3	3	2	2	2
Scinax ruber_05	3	2	1	3	3	1	1	2	1	1	2	1	2	1	2	2	1	1	1	3	1	1	2	2	1	2	1	2	1	2	4	2	4	3	3	1	1	1	1	1	1	1	2	4	1	5	5	4	3	1	1	1	2	1	1	2	2	1	2	2	2	1	1	4	2	1	3	3	2	2	2
Scinax ruber_06	3	2	1	3	3	1	1	2	1	1	2	1	2	1	2	2	1	1	1	3	1	1	2	2	2	2	1	2	1	2	4	2	4	3	3	1	1	1	1	1	1	1	2	4	1	5	5	4	3	1	1	1	2	1	1	2	2	1	2	2	2	1	1	4	2	1	3	3	2	2	2
Scinax ruber_07	3	2	1	3	3	1	1	2	1	1	2	1	2	1	2	2	1	1	1	3	1	1	2	2	1	2	1	2	1	2	4	2	4	3	3	1	1	1	1	1	1	1	2	4	1	5	5	4	3	1	1	1	2	1	1	2	2	1	2	2	2	1	1	4	2	1	3	3	2	2	2
Scinax ruber_08	3	2	1	3	3	1	1	2	1	1	2	1	2	1	2	2	1	1	1	3	1	1	2	2	1	2	1	2	1	2	4	2	4	3	3	1	1	1	1	1	1	1	2	4	1	5	5	4	3	1	1	1	2	1	1	2	2	1	2	2	2	1	1	4	2	1	3	3	2	2	2
Scinax ruber_09	3	2	1	3	3	1	1	2	1	1	2	1	2	1	2	2	1	1	1	3	1	1	2	2	1	2	1	2	1	2	4	2	4	3	3	1	1	1	1	1	1	1	2	4	1	5	5	4	3	1	1	1	2	1	1	2	2	1	2	2	2	1	1	4	2	1	3	3	2	2	2
Scinax ruber_10	3	2	1	3	3	1	1	2	1	1	2	1	2	1	2	2	1	1	1	3	1	1	2	2	1	2	1	2	1	2	4	2	4	3	3	1	1	1	1	1	1	1	2	4	1	5	5	4	3	1	1	1	2	1	1	2	2	1	2	2	2	1	1	4	2	1	3	3	2	2	2
Scinax sp._01	3	2	1	3	2	1	1	2	1	1	2	1	2	1	2	2	1	1	1	3	1	1	2	1	1	2	1	2	1	2	4	2	3	3	3	1	1	1	1	1	1	1	2	4	1	5	5	3	3	1	1	1	1	1	1	2	2	1	2	2	2	1	1	4	2	1	3	3	2	2	2
Scinax sp._02	3	2	1	3	2	1	1	2	1	1	2	1	2	1	2	2	1	1	1	3	1	1	2	1	1	3	1	2	1	2	4	2	3	2	3	1	1	1	1	1	2	1	2	4	1	5	5	3	1	1	1	1	1	1	1	2	2	1	2	2	2	1	1	4	2	1	3	3	2	2	2
Scinax sp._03	3	2	1	3	2	1	1	1	1	1	2	1	2	1	2	2	1	1	1	3	1	2	2	1	1	2	1	3	1	2	4	2	4	2	1	1	1	1	1	1	1	1	2	2	1	5	5	4	3	1	1	1	2	1	1	2	2	2	2	2	2	1	1	4	2	1	3	3	2	2	2
Scinax sp._04	3	2	1	3	2	1	1	1	1	1	2	1	2	1	2	2	1	1	1	3	1	2	2	1	1	2	1	2	1	2	4	2	4	2	3	1	1	1	1	1	1	1	2	4	1	5	5	4	3	1	1	1	2	1	1	2	2	2	2	2	2	1	1	4	2	1	3	3	2	2	2
Scinax sp._05	3	2	1	3	2	1	1	2	1	1	2	1	2	1	2	2	1	1	1	3	1	2	2	1	1	2	1	3	1	2	4	2	4	2	3	1	1	1	1	1	1	1	2	4	1	5	5	4	3	1	1	1	2	1	1	2	2	2	2	2	2	1	1	4	2	1	3	3	2	2	2
Scinax sp._06	3	2	1	3	2	1	1	2	1	1	2	1	2	1	2	2	1	1	1	3	1	2	2	1	1	2	1	3	1	2	4	2	4	2	3	1	1	1	1	1	1	1	2	4	1	5	5	4	3	1	1	1	2	1	1	2	2	2	2	2	2	1	1	4	2	1	3	3	2	2	2
Scinax sp._07	3	2	1	3	2	1	1	2	1	1	2	1	2	1	2	2	1	1	1	3	1	2	2	1	1	1	1	2	1	2	4	2	4	2	3	1	1	1	1	1	1	1	2	2	1	5	5	4	3	1	1	1	2	1	1	2	2	2	2	2	2	1	1	4	2	1	3	3	2	2	2
Pseudis paradoxa_01	3	2	1	3	2	1	1	1	2	2	3	1	2	1	2	1	1	1	1	3	1	1	2	1	1	3	1	2	1	2	4	2	4	1	NA	1	5	1	1	1	1	2	NA	1	1	5	1	1	1	1	1	2	NA	1	2	2	2	3	3	3	3	1	1	4	2	3	1	3	2	2	2
Pseudis paradoxa_02	3	2	1	3	2	1	1	1	2	2	2	1	2	1	1	2	1	1	1	3	1	1	2	1	1	3	1	2	1	2	4	2	4	1	NA	1	5	1	1	1	1	2	NA	1	1	5	1	1	1	1	1	2	NA	1	2	2	2	3	3	3	3	1	1	4	2	3	1	3	2	2	2
Pseudis paradoxa_03	3	2	1	3	2	1	1	1	2	2	2	1	2	1	3	2	1	1	1	3	1	1	2	1	1	3	1	2	1	2	4	2	4	1	NA	1	5	1	1	1	1	2	NA	1	1	5	1	1	1	1	1	2	NA	1	2	2	2	3	3	3	3	1	1	4	2	3	1	3	2	2	2
Pseudis paradoxa_04	3	2	1	3	2	1	1	1	2	2	2	1	2	1	3	2	1	1	1	3	1	1	2	1	1	3	1	2	1	2	4	2	4	1	NA	1	5	1	1	1	1	2	NA	1	1	5	1	1	1	1	1	2	NA	1	2	2	2	3	3	3	3	1	1	4	2	3	1	3	2	2	2
Pseudis paradoxa_05	3	2	1	3	2	1	1	1	2	2	2	1	2	1	3	1	1	1	1	3	1	1	2	1	1	1	1	2	1	2	4	2	4	1	NA	1	5	1	1	1	1	2	NA	1	1	5	1	1	1	1	1	2	NA	1	2	2	2	3	3	3	3	1	1	4	2	3	1	3	2	2	2
Scarthyla vigilans_01	3	1	1	3	2	2	1	1	2	2	2	1	2	1	3	1	1	1	1	3	1	2	2	1	1	2	1	2	1	1	4	2	4	2	3	1	5	5	5	1	1	1	2	4	1	5	5	4	3	1	1	1	2	1	1	2	7	2	2	1	1	1	1	4	2	1	3	3	2	2	2
Scarthyla vigilans_02	3	3	1	3	2	2	1	1	2	2	2	1	2	1	3	1	1	1	1	3	1	1	1	1	1	2	1	2	1	1	4	2	4	2	3	1	5	5	5	1	1	1	2	4	1	5	5	4	3	1	1	1	2	1	1	2	7	2	2	1	1	1	1	4	2	1	3	3	2	2	2
Scarthyla vigilans_03	3	3	1	3	2	2	1	1	2	2	2	1	2	1	3	1	1	1	1	3	1	2	2	1	1	2	1	2	1	1	4	2	4	2	3	1	5	5	5	1	1	1	2	4	1	5	5	4	3	1	1	1	2	1	1	2	7	2	2	1	1	1	1	4	2	1	3	3	2	2	2
Scarthyla vigilans_04	3	3	1	3	2	2	1	1	2	2	2	1	2	1	3	1	1	1	1	3	1	1	2	1	1	2	1	2	1	1	4	2	4	2	3	1	5	5	5	1	1	1	2	4	1	5	5	4	3	1	1	1	2	1	1	2	7	2	2	1	1	1	1	4	2	1	3	3	2	2	2
Scarthyla vigilans_05	3	3	1	3	2	2	1	1	2	2	2	1	2	1	3	1	1	1	1	3	1	1	2	1	1	2	1	2	1	1	4	2	4	2	3	1	5	5	5	1	1	1	2	4	1	5	5	4	3	1	1	1	2	1	1	2	7	2	2	1	1	1	1	4	2	1	3	3	2	2	2
Scarthyla vigilans_06	3	3	1	3	2	2	1	2	2	2	2	1	2	1	3	1	1	1	1	3	1	1	2	1	1	2	1	2	1	1	4	2	4	2	3	1	5	5	5	1	1	1	2	4	1	5	5	4	3	1	1	1	2	1	1	2	7	2	2	1	1	1	1	4	2	1	3	3	2	2	2
Scarthyla vigilans_07	3	3	1	3	2	2	1	1	2	2	2	1	2	1	3	1	1	1	1	3	1	2	2	1	1	2	1	2	1	1	4	2	4	2	3	1	5	5	5	1	1	1	2	4	1	5	5	4	3	1	1	1	2	1	1	2	7	2	2	1	1	1	1	4	2	1	3	3	2	2	2
Scarthyla vigilans_08	3	3	1	3	2	2	1	1	2	2	2	1	2	1	3	1	1	1	1	3	1	1	2	1	1	2	1	2	1	1	4	2	4	2	3	1	5	5	5	1	1	1	2	4	1	5	5	4	3	1	1	1	2	1	1	2	7	2	2	1	1	1	1	4	2	1	3	3	2	2	2
Scarthyla vigilans_09	3	3	1	3	2	2	1	1	2	2	2	1	2	1	3	1	1	1	1	3	1	2	2	1	1	2	1	2	1	1	4	2	4	2	3	1	5	5	5	1	1	1	2	4	1	5	5	4	3	1	1	1	2	1	1	2	7	2	2	1	1	1	1	4	2	1	3	3	2	2	2
Scarthyla vigilans_10	3	3	1	3	2	2	1	2	2	2	2	1	2	1	3	1	1	1	1	3	1	2	2	1	1	2	1	2	1	1	4	2	4	2	3	1	5	5	5	1	1	1	2	4	1	5	5	4	3	1	1	1	2	1	1	2	7	2	2	1	1	1	1	4	2	1	3	3	2	2	2
Dendropsophus phlebodes_01	3	2	1	3	4	4	1	2	2	2	2	1	2	1	2	2	1	1	1	3	1	1	2	1	1	1	1	2	1	1	1	2	4	2	3	1	1	1	1	1	2	1	2	4	1	5	5	4	1	1	1	2	NA	1	2	2	2	2	2	2	2	1	1	4	2	1	3	3	2	2	2
Dendropsophus phlebodes_02	3	2	1	3	4	4	1	2	2	2	2	1	2	1	1	2	1	1	1	3	1	1	2	1	1	2	1	2	1	1	1	2	4	2	3	1	1	1	1	1	2	1	2	4	1	5	5	4	1	1	1	2	NA	1	2	2	2	2	2	2	2	1	1	4	2	1	3	3	2	2	2
Dendropsophus phlebodes_03	3	2	1	3	4	4	1	2	2	2	2	1	2	1	2	2	1	1	1	3	1	1	2	1	1	2	1	2	1	1	1	2	4	2	1	1	1	1	1	1	2	1	2	4	1	5	5	4	1	1	1	2	NA	1	2	2	2	2	2	2	2	1	1	4	2	1	3	3	2	2	2
Dendropsophus phlebodes_04	3	2	1	3	4	4	1	2	2	2	2	1	2	1	2	2	1	1	1	3	1	2	2	1	1	1	1	2	1	1	1	2	4	2	3	1	1	1	1	1	2	1	2	4	1	5	5	4	1	1	1	2	NA	1	2	2	2	2	2	2	2	1	1	4	2	1	3	3	2	2	2
Dendropsophus phlebodes_05	3	2	1	3	4	4	1	2	2	2	2	1	2	1	1	2	1	1	1	3	1	1	2	1	1	1	1	2	1	1	1	2	4	2	3	1	1	1	1	1	2	1	2	4	1	5	5	4	1	1	1	2	NA	1	2	2	2	2	2	2	2	1	1	4	2	1	3	3	2	2	2
Dendropsophus phlebodes_06	3	2	1	3	4	4	1	2	2	2	2	1	2	1	2	2	1	1	1	3	1	2	2	1	1	2	1	2	1	1	1	2	4	2	3	1	1	1	1	1	2	1	2	4	1	5	5	4	1	1	1	2	NA	1	2	2	2	2	2	2	2	1	1	4	2	1	3	3	2	2	2
Dendropsophus phlebodes_07	3	2	1	3	4	4	1	2	2	2	2	1	2	1	1	2	1	1	1	3	1	1	2	1	1	2	1	2	1	1	1	2	4	2	3	1	1	1	1	1	2	1	2	4	1	5	5	4	1	1	1	2	NA	1	2	2	2	2	2	2	2	1	1	4	2	1	3	3	2	2	2
Dendropsophus labialis_01	3	2	1	3	2	1	1	1	1	1	2	1	2	1	2	2	1	1	1	3	1	2	2	1	1	1	1	1	1	1	2	2	4	2	3	1	1	1	1	1	1	1	1	4	1	5	1	4	3	1	1	1	1	1	1	2	2	2	2	2	2	1	1	4	2	1	3	3	2	2	2
Dendropsophus labialis_02	3	2	1	3	2	1	1	1	1	1	2	1	2	1	2	2	1	1	1	3	1	2	2	1	1	2	1	1	1	1	2	2	4	2	3	1	1	1	1	1	1	1	1	4	1	5	1	4	3	1	1	1	1	1	1	2	2	2	2	1	1	1	1	4	2	1	3	3	2	2	2
Dendropsophus labialis_03	3	2	1	3	2	1	1	1	1	1	2	1	2	1	2	2	1	1	1	3	1	2	2	1	1	2	1	1	1	1	2	2	4	2	1	1	1	1	1	1	1	1	1	4	1	5	1	4	3	1	1	1	1	1	1	2	2	2	2	2	2	1	1	4	2	1	3	3	2	2	2
Dendropsophus microcephalus_01	3	2	1	3	2	1	1	2	1	1	2	1	2	1	3	1	1	1	1	3	1	1	2	1	1	2	1	2	1	1	3	2	4	2	3	1	5	1	1	1	2	1	2	4	1	5	1	4	3	1	1	1	2	1	2	2	1	2	2	2	2	1	1	4	2	1	3	3	2	2	2
Dendropsophus microcephalus_02	3	2	1	3	2	1	1	2	1	1	2	1	2	1	3	1	1	1	1	3	1	1	2	1	1	2	1	2	1	1	3	2	4	2	3	1	5	1	1	1	2	1	2	4	1	5	1	4	3	1	1	1	2	1	2	2	1	2	2	2	2	1	1	4	2	1	3	3	2	2	2
Dendropsophus microcephalus_03	3	2	1	3	2	4	1	2	1	1	2	1	2	1	3	1	1	1	1	3	1	1	2	1	1	3	1	2	1	1	3	2	4	2	3	1	5	1	1	1	2	1	2	4	1	5	1	4	3	1	1	1	2	1	2	2	1	2	2	2	2	1	1	4	2	1	3	3	2	2	2
Dendropsophus microcephalus_04	3	2	1	3	2	1	1	2	1	1	2	1	2	1	1	1	1	1	1	3	1	1	2	1	1	2	1	2	1	1	3	2	4	2	3	1	5	1	1	1	2	1	2	4	1	5	1	4	3	1	1	1	2	1	2	2	1	2	2	2	2	1	1	4	2	1	3	3	2	2	2
Dendropsophus microcephalus_05	3	2	1	3	2	4	1	2	1	1	2	1	2	1	1	1	1	1	1	3	1	1	2	1	1	2	1	2	1	1	3	2	4	2	3	1	5	1	1	1	2	1	2	4	1	5	1	4	3	1	1	1	2	1	2	2	1	2	2	2	2	1	1	4	2	1	3	3	2	2	2
Dendropsophus microcephalus_06	3	2	1	3	2	4	1	2	1	1	2	1	2	1	3	1	1	1	1	3	1	1	2	1	1	2	1	2	1	1	3	2	4	2	3	1	1	1	1	1	2	1	2	4	1	5	1	4	3	1	1	1	2	1	2	2	1	2	2	2	2	1	1	4	2	1	3	3	2	2	2
Dendropsophus microcephalus_07	3	2	1	3	2	4	1	2	1	1	2	1	2	1	2	1	1	1	1	3	1	1	2	1	1	2	1	2	1	1	3	2	4	2	3	1	5	1	1	1	2	1	2	4	1	5	1	4	3	1	1	1	2	1	2	2	1	2	2	2	2	1	1	4	2	1	3	3	2	2	2
Dendropsophus microcephalus_08	3	2	1	3	2	1	1	2	1	1	2	1	2	1	1	1	1	1	1	3	1	1	2	1	1	2	1	2	1	1	3	2	4	2	3	1	5	1	1	1	2	1	2	4	1	5	1	4	3	1	1	1	2	1	2	2	1	2	2	2	2	1	1	4	2	1	3	3	2	2	2
Dendropsophus microcephalus_09	3	2	1	3	2	1	1	2	1	1	2	1	2	1	2	1	1	1	1	3	1	1	2	1	1	2	1	2	1	1	3	2	4	2	3	1	5	1	1	1	2	1	2	4	1	5	1	4	3	1	1	1	2	1	2	2	1	2	2	2	2	1	1	4	2	1	3	3	2	2	2
Dendropsophus minutus_01	3	2	1	3	2	1	1	2	1	1	2	1	2	1	2	1	1	1	1	3	1	2	2	1	1	3	1	2	1	1	2	2	4	2	3	1	5	1	1	1	1	1	2	4	1	5	5	4	3	1	1	2	NA	1	1	2	1	1	1	2	2	1	1	4	2	1	3	3	2	2	2
Dendropsophus minutus_02	3	2	1	3	2	1	1	2	1	1	2	1	2	1	2	1	1	1	1	3	1	2	2	1	1	2	1	2	1	1	2	2	4	2	3	1	5	1	1	1	1	1	2	4	1	5	5	4	3	1	1	2	NA	1	1	2	1	1	1	2	2	1	1	4	2	1	3	3	2	2	2
Dendropsophus minutus_03	3	2	1	3	2	1	1	2	1	1	2	1	2	1	2	1	1	1	1	3	1	2	2	1	1	2	1	2	1	1	2	2	4	2	3	1	5	1	1	1	1	1	2	4	1	5	5	4	3	1	1	2	NA	1	1	2	1	1	1	2	2	1	1	4	2	1	3	3	2	2	2
Dendropsophus minutus_04	3	2	1	3	2	1	1	2	1	1	2	1	2	1	2	1	1	1	1	3	1	2	2	1	1	2	1	2	1	1	2	2	4	2	3	1	5	1	1	1	1	1	2	4	1	5	5	4	3	1	1	2	NA	1	1	2	1	1	1	2	2	1	1	4	2	1	3	3	2	2	2
Dendropsophus minusculus_01	3	2	1	3	2	2	1	2	1	1	2	1	2	1	2	2	1	1	1	3	1	2	1	2	1	2	1	2	1	1	4	2	4	2	3	1	5	1	1	1	1	2	NA	5	1	5	5	4	3	1	1	2	NA	1	1	2	1	2	2	2	2	1	1	4	2	1	3	3	2	2	2
Dendropsophus ebraccatus_01	3	2	1	3	2	4	1	2	2	1	2	1	2	1	2	2	1	1	1	3	1	1	2	1	1	2	1	1	1		1	2	4	2	1	1	2	2	2	1	2	1	2	4	1	5	1	4	3	1	1	1	2	1	1	2	2	3	3	2	2	1	1	4	2	1	3	3	2	2	2
Dendropsophus ebraccatus_02	3	2	1	3	2	4	1	2	2	1	2	1	2	1	2	2	1	1	1	3	1	1	2	1	1	2	1	1	1		1	2	4	2	1	1	2	2	2	1	2	1	2	4	1	5	1	4	3	1	1	1	NA	1	1	2	2	3	3	3	3	1	1	4	2	1	3	3	2	2	2
Dendropsophus meridensis_01	3	2	1	3	2	1	1	2	2	1	2	1	2	1	2	2	1	1	1	3	1	2	2	2	1	1	1	2	1	1	3	2	3	2	3	1	1	1	1	1	2	1	2	4	1	5	5	4	3	1	2	1	2	1	1	2	2	2	2	2	2	1	1	4	2	1	3	3	2	2	2
Dendropsophus meridensis_02	3	2	1	3	2	1	1	2	2	1	2	1	2	1	3	2	1	1	1	3	1	1	2	2	1	2	1	1	1	1	3	2	3	2	3	1	1	1	1	1	2	1	2	4	1	5	5	4	3	1	2	1	2	1	1	2	2	2	2	2	2	1	1	4	2	1	3	3	2	2	2
Dendropsophus meridensis_03	3	2	1	3	2	1	1	2	2	1	2	1	2	1	2	2	1	1	1	3	1	1	2	1	1	1	1	2	1	1	3	2	3	2	3	1	1	1	1	1	2	1	2	4	1	5	1	4	3	1	2	1	2	1	1	2	2	2	2	2	2	1	1	4	2	1	3	3	2	2	2
Dendropsophus meridensis_04	3	2	1	3	2	1	1	2	2	1	2	1	2	1	3	2	1	1	1	3	1	1	2	2	1	1	1	2	1	1	3	2	3	2	3	1	1	1	1	1	2	1	2	4	1	5	5	4	3	1	2	1	2	1	1	2	2	2	2	2	2	1	1	4	2	1	3	3	2	2	2
Dendropsophus meridensis_05	3	2	1	3	2	1	1	2	2	1	2	1	2	1	3	2	1	1	1	3	1	1	2	2	1	1	1	2	1	1	3	2	3	2	3	1	1	1	1	1	2	1	2	4	1	5	5	4	3	1	2	1	2	1	1	2	2	2	2	2	2	1	1	4	2	1	3	3	2	2	2
Dendropsophus meridensis_06	3	2	1	3	2	1	1	2	2	1	2	1	2	1	2	2	1	1	1	3	1	2	2	2	1	1	1	2	1	1	3	2	3	2	3	1	1	1	1	1	2	1	2	4	1	5	5	4	3	1	2	1	2	1	1	2	2	2	2	2	2	1	1	4	2	1	3	3	2	2	2
Dendrosophus sp._01	3	2	1	3	2	1	1	2	1	1	2	1	2	1	1	2	1	1	1	3	1	2	2	1	1	5	1	2	1	1	2	2	4	2	3	1	1	1	1	1	2	1	2	4	1	5	5	4	1	1	1	1	2	1	1	2	2	2	2	2	2	1	1	4	2	1	3	3	2	2	2
Dendrosophus sp._02	3	2	1	3	2	1	1	2	1	1	2	1	2	1	1	2	1	1	1	3	1	1	2	1	1	3	1	2	1	2	3	2	4	2	3	1	1	1	1	1	2	1	2	4	1	5	5	4	1	1	1	1	2	1	1	2	2	2	2	2	2	1	1	4	2	1	3	3	2	2	2
Dendrosophus sp._03	3	2	1	3	2	1	1	2	1	1	2	1	2	1	2	2	1	1	2	3	1	1	2	1	1	5	1	2	1	2	2	2	4	2	NA	1	1	1	1	1	2	1	2	4	1	5	5	4	1	1	1	1	2	1	1	2	2	2	2	2	2	1	1	4	2	1	3	3	2	2	2
Dendrosophus sp._04	3	2	1	3	2	1	1	2	1	1	2	1	2	1	2	2	1	1	1	3	1	1	2	1	1	5	1	2	1	2	3	2	4	2	3	1	1	1	1	1	2	1	2	4	1	5	5	4	1	1	1	1	2	1	1	2	2	2	2	2	2	1	1	4	2	1	3	3	2	2	2
Dendrosophus sp._05	3	2	1	3	2	1	1	2	2	2	2	1	2	1	2	2	1	1	2	3	1	1	2	1	3	NA	NA	1	1	1	3	2	4	2	NA	1	2	1	1	2	2	1	1	6	1	5	5	1	3	1	1	1	1	1	1	2	2	2	2	2	2	1	1	4	2	1	3	3	2	2	2
Dendrosophus sp._06	3	2	1	3	4	4	1	2	2	2	2	1	2	1	2	2	1	1	2	3	1	1	2	1	1	5	1	1	1	1	3	2	4	2	NA	1	2	1	2	2	2	1	1	6	1	5	5	1	3	1	1	1	1	1	1	2	2	2	2	2	2	1	1	4	2	1	3	3	2	2	2
Dendrosophus sp._07	3	2	1	3	2	1	1	2	2	2	2	1	2	1	2	2	1	1	2	3	1	1	2	1	1	5	1	1	1	1	3	2	4	2	NA	1	2	1	2	2	2	1	1	6	1	5	5	1	3	1	1	1	1	1	1	2	2	2	2	2	2	1	1	4	2	1	3	3	2	2	2
Dendrosophus sp._08	3	2	1	3	2	1	1	2	2	2	2	1	2	1	2	2	1	1	2	3	1	1	2	1	1	5	1	1	1	1	3	2	4	2	NA	1	2	1	2	2	2	1	1	6	1	5	5	1	3	1	1	1	1	1	1	2	2	2	2	2	2	1	1	4	2	1	3	3	2	2	2
Dendropsophus subocularis_01	3	2	1	3	4	4	1	2	1	1	2	1	2	1	1	2	1	1	1	3	1	1	2	1	1	5	1	1	1	1	2	2	4	2	2	1	1	1	2	1	2	1	2	4	1	5	5	1	3	1	1	1	1	1	2	2	2	2	2	2	2	1	1	4	2	1	3	3	2	2	2
Dendropsophus subocularis_02	3	2	1	3	4	4	1	2	1	1	2	1	2	1	2	2	1	1	1	3	1	1	2	1	1	5	1	2	1	1	2	2	4	2	3	1	1	1	2	1	2	1	2	4	1	5	5	1	3	1	1	1	1	1	2	2	2	2	2	2	2	1	1	4	2	1	3	3	2	2	2
Dendropsophus subocularis_03	3	2	1	3	4	4	1	2	1	1	2	1	2	1	1	2	1	1	1	3	1	1	2	1	1	5	1	2	1	2	2	2	4	2	3	1	1	1	2	1	2	1	2	4	1	5	5	1	3	1	1	1	1	1	2	2	2	2	2	2	2	1	1	4	2	1	3	3	2	2	2
Dendropsophus subocularis_04	3	2	1	3	4	4	1	2	1	1	2	1	2	1	3	2	1	1	1	3	1	1	2	1	1	5	1	2	1	2	2	2	4	2	3	1	1	1	2	1	2	1	2	4	1	5	5	1	3	1	1	1	1	1	2	2	2	2	2	2	2	1	1	4	2	1	3	3	2	2	2
Dendropsophus subocularis_05	3	2	1	3	4	4	1	2	1	1	2	1	2	1	2	2	1	1	1	3	1	1	2	1	1	5	1	1	1	1	2	2	4	2	3	1	1	1	2	1	2	1	2	4	1	5	5	1	3	1	1	1	1	1	2	2	2	2	2	2	2	1	1	4	2	1	3	3	2	2	2
Dendropsophus subocularis_06	3	2	1	3	4	4	1	2	1	1	2	1	2	1	1	2	1	1	1	3	1	1	2	1	1	5	1	2	1	1	2	2	4	2	2	1	1	1	2	1	2	1	2	4	1	5	5	1	3	1	1	1	1	1	2	2	2	2	2	2	2	1	1	4	2	1	3	3	2	2	2
Dendropsophus subocularis_07	3	2	1	3	4	4	1	2	1	1	2	1	2	1	3	2	1	1	1	3	1	1	2	1	1	2	1	2	1	1	2	2	4	2	3	1	1	1	2	1	2	1	2	4	1	5	5	1	3	1	1	1	1	1	2	2	2	2	2	2	2	1	1	4	2	1	3	3	2	2	2
Dendropsophus subocularis_08	3	2	1	3	4	4	1	2	1	1	2	1	2	1	1	2	1	1	1	3	1	1	2	1	1	2	1	2	1	2	2	2	4	2	3	1	1	1	2	1	2	1	2	4	1	5	5	1	3	1	1	1	1	1	2	2	2	2	2	2	2	1	1	4	2	1	3	3	2	2	2
Dendropsophus subocularis_09	3	2	1	3	4	4	1	2	1	1	2	1	2	1	3	2	1	1	1	3	1	1	2	1	1	5	1	2	1	1	2	2	4	2	1	1	1	1	2	1	2	1	2	4	1	5	5	1	3	1	1	1	1	1	2	2	2	2	2	2	2	1	1	4	2	1	3	3	2	2	2
Dendropsophus subocularis_10	3	2	1	3	4	4	1	2	1	1	2	1	2	1	1	2	1	1	1	3	1	1	2	1	1	5	1	2	1	2	2	2	4	2	3	1	1	1	1	1	2	1	2	4	1	5	5	1	3	1	1	1	1	1	2	2	2	2	2	2	2	1	1	4	2	1	3	3	2	2	2
Dendropsophus virolinensis_01	3	2	1	3	2	4	1	2	1	1	2	1	2	1	1	2	1	1	1	3	1	1	2	1	1	1	1	4	1	2	2	2	3	2	3	1	1	1	1	1	2	1	2	4	1	5	5	1	3	1	1	1	1	1	1	2	2	2	2	2	2	1	1	4	2	1	3	3	2	2	2
Dendropsophus virolinensis_02	3	2	1	3	2	4	1	1	1	1	2	1	2	1	1	2	1	1	2	3	1	1	2	1	1	1	1	4	1	2	2	2	3	2	NA	1	1	1	1	1	2	1	2	4	1	5	5	1	3	1	1	1	1	1	1	2	2	2	2	2	2	1	1	4	2	1	3	3	2	2	2
Dendropsophus virolinensis_03	3	2	1	3	2	4	1	1	1	1	2	1	2	1	1	2	1	1	2	3	1	1	2	1	1	5	1	4	1	2	2	2	3	2	NA	1	1	1	1	1	2	1	2	4	1	5	5	1	3	1	1	1	1	1	1	2	2	2	2	2	2	1	1	4	2	1	3	3	2	2	2
Dendropsophus virolinensis_04	3	2	1	3	2	4	1	1	1	1	2	1	2	1	1	2	1	1	2	3	1	1	2	1	1	1	1	4	1	2	2	2	3	2	NA	1	1	1	1	1	2	1	2	4	1	5	5	1	3	1	1	1	1	1	1	2	2	2	2	2	2	1	1	4	2	1	3	3	2	2	2
Dendropsophus virolinensis_05	3	2	1	3	4	2	1	1	1	1	2	1	2	1	1	2	1	1	1	3	1	1	2	1	1	1	1	4	1	2	2	2	3	2	1	1	1	1	1	1	1	1	2	4	1	5	5	1	3	1	1	1	1	1	1	2	2	2	2	2	2	1	1	4	2	1	3	3	2	2	2
Hyloscirtus callipeza_01	3	2	1	3	2	4	2	1	1	1	2	1	2	1	1	2	1	1	1	3	1	1	2	1	2	1	1	3	1	2	4	2	1	2	1	1	5	1	1	1	2	1	1	4	1	5	5	4	3	1	1	2	NA	1	2	2	2	2	2	2	2	1	1	4	2	1	3	3	2	2	2
Hyloscirtus callipeza_02	3	2	1	3	2	4	2	1	1	1	2	1	2	1	1	2	1	1	1	3	1	1	2	1	2	1	1	3	1	2	4	2	1	2	3	1	5	1	1	1	2	1	1	4	1	5	5	4	3	1	1	2	NA	1	2	2	2	2	2	2	2	1	1	4	2	1	3	3	2	2	2
Hyloscirtus callipeza_03	3	2	1	3	2	4	2	1	1	1	2	1	2	1	3	2	1	1	1	3	1	1	2	1	2	1	1	3	1	1	4	2	1	2	3	1	5	1	1	1	2	1	1	4	1	5	5	4	3	1	1	2	NA	1	2	2	2	2	2	2	2	1	1	4	2	1	3	3	2	2	2
Hyloscirtus callipeza_04	3	2	1	3	2	4	2	1	1	1	2	1	2	1	2	2	1	1	1	3	1	1	2	1	1	1	1	3	1	1	4	2	1	2	1	1	5	1	1	1	2	1	1	4	1	5	5	4	3	1	1	2	NA	1	2	2	2	2	2	2	2	1	1	4	2	1	3	3	2	2	2
Hyloscirtus callipeza_05	3	2	1	3	2	4	2	1	1	1	2	1	2	1	1	2	1	1	1	3	1	1	2	1	2	1	1	3	1	1	4	2	1	2	3	1	5	1	1	1	2	1	1	4	1	5	5	4	3	1	1	2	NA	1	2	2	2	2	2	2	2	1	1	4	2	1	3	3	2	2	2
Hyloscirtus callipeza_06	3	2	1	3	2	4	2	1	1	1	2	1	2	1	2	2	1	1	1	3	1	1	2	2	2	1	1	3	1	1	4	2	1	2	3	1	5	1	1	1	2	1	1	4	1	5	5	4	3	1	1	2	NA	1	2	2	2	2	2	2	2	1	1	4	2	1	3	3	2	2	2
Hyloscirtus callipeza_07	3	2	1	3	2	4	2	1	1	1	2	1	2	1	2	2	1	1	1	3	1	1	2	1	2	1	1	3	1	1	4	2	1	2	3	1	5	1	1	1	2	1	1	4	1	5	5	4	3	1	1	2	NA	1	2	2	2	2	2	2	2	1	1	4	2	1	3	3	2	2	2
Hyloscirtus callipeza_08	3	2	1	3	2	4	2	1	1	1	2	1	2	1	2	2	1	1	1	3	1	1	2	1	1	1	1	3	1	1	4	2	1	2	1	1	5	1	1	1	2	1	1	4	1	5	5	4	3	1	1	2	NA	1	2	2	2	2	2	2	2	1	1	4	2	1	3	3	2	2	2
Hyloscirtus callipeza_09	3	2	1	3	2	4	2	1	1	1	2	1	2	1	2	2	1	1	1	3	1	1	2	1	2	1	1	3	1	1	4	2	1	2	3	1	5	1	1	1	2	1	1	4	1	5	5	4	3	1	1	2	NA	1	2	2	2	2	2	2	2	1	1	4	2	1	3	3	2	2	2
Hyloscirtus callipeza_10	3	3	1	3	2	4	2	1	1	1	2	1	2	1	1	2	1	1	1	3	1	1	2	2	2	1	1	3	1	1	4	2	1	2	1	1	5	1	1	1	2	1	1	4	1	5	5	4	3	1	1	2	NA	1	2	2	2	2	2	2	2	1	1	4	2	1	3	3	2	2	2
Hyloscirtus denticulentus_01	3	2	1	3	2	1	1	2	1	1	2	1	2	1	1	2	1	1	2	3	1	1	1	2	1	1	2	3	1	1	4	2	1	2	NA	1	1	1	2	1	2	1	1	4	1	5	5	1	2	1	1	2	NA	1	2	2	2	2	2	2	2	1	1	4	2	1	3	3	2	2	2
Hyloscirtus denticulentus_02	3	2	1	3	2	1	1	2	1	1	2	1	2	1	3	2	1	1	2	3	1	1	2	2	1	2	2	3	1	1	4	2	1	2	NA	1	1	1	2	1	2	1	1	4	1	5	5	1	2	1	1	2	NA	1	2	2	2	2	2	2	2	1	1	4	2	1	3	3	2	2	2
Hyloscirtus denticulentus_03	3	3	1	3	2	1	1	2	1	1	2	1	2	1	3	2	1	1	2	3	1	1	2	2	1	2	2	3	1	1	4	2	1	2	NA	1	1	1	2	1	2	1	1	4	1	5	5	1	2	1	1	2	NA	1	1	2	2	2	2	2	2	1	1	4	2	1	3	3	2	2	2
Hyloscirtus denticulentus_04	3	3	1	3	2	1	1	2	1	1	2	1	2	1	1	2	1	1	2	3	1	1	2	1	2	2	2	3	1	1	4	2	1	2	NA	1	1	1	2	1	2	1	1	4	1	5	5	1	2	1	1	2	NA	1	2	2	2	3	3	2	2	1	1	4	2	1	3	3	2	2	2
Hyloscirtus denticulentus_05	3	2	1	3	2	1	1	2	1	1	2	1	2	1	3	2	1	1	2	3	1	1	2	2	2	2	2	3	1	1	4	2	1	2	NA	1	1	1	2	1	2	1	1	4	1	5	5	1	2	1	1	2	NA	1	2	2	2	2	2	2	2	1	1	4	2	1	3	3	2	2	2
Hyloscirtus denticulentus_06	3	2	1	3	2	1	1	2	1	1	2	1	2	1	3	2	1	1	2	3	1	1	2	2	2	2	2	3	1	1	4	2	1	2	NA	1	1	1	2	1	2	1	1	4	1	5	5	1	2	1	1	2	NA	1	2	2	2	2	2	2	2	1	1	4	2	1	3	3	2	2	2
Hyloscirtus denticulentus_07	3	2	1	3	2	1	1	2	1	1	2	1	2	1	3	2	1	1	2	3	1	2	1	2	2	2	2	3	1	1	4	2	1	2	NA	1	1	1	2	1	2	1	1	4	1	5	5	1	2	1	1	2	NA	1	2	2	2	2	2	2	2	1	1	4	2	1	3	3	2	2	2
Hyloscirtus denticulentus_08	3	3	1	3	2	1	1	2	1	1	2	1	2	1	1	2	1	1	2	3	1	1	2	2	2	2	2	3	1	1	4	2	1	2	NA	1	1	1	2	1	2	1	1	4	1	5	5	1	2	1	1	2	NA	1	2	2	2	2	2	2	2	1	1	4	2	1	3	3	2	2	2
Hyloscirtus denticulentus_09	3	3	1	3	2	1	1	2	1	1	2	1	2	1	3	2	1	1	2	3	1	1	2	2	2	2	2	3	1	1	4	2	1	2	NA	1	1	1	2	1	2	1	1	4	1	5	5	1	2	1	1	2	NA	1	2	2	2	2	2	2	2	1	1	4	2	1	3	3	2	2	2
Hyloscirtus palmeri_01	3	2	1	3	2	3	1	2	1	1	2	1	2	1	1	2	1	1	2	3	1	1	2	2	1	1	2	3	1	1	4	2	1	2	NA	1	1	1	2	1	2	1	1	4	1	5	1	1	2	1	1	2	NA	1	2	2	1	3	2	2	2	1	1	4	2	1	3	3	2	2	2
Hyloscirtus palmeri_02	3	2	1	3	2	3	1	2	1	1	2	1	2	1	3	2	1	Inditinguible	2	3	1	1	2	2	1	1	2	3	1	1	4	2	1	2	NA	1	1	1	2	1	2	1	1	4	1	5	1	1	2	1	1	2	NA	1	2	2	1	3	2	2	2	1	1	4	2	1	3	3	2	2	2
Hypsiboas pugnax_01	3	3	1	3	2	1	1	2	1	1	2	1	2	1	2	2	1	1	1	3	1	1	2	1	1	4	1	3	1	2	4	2	2	2	3	1	1	1	1	1	1	1	1	4	2	5	1	4	1	1	1	1	2	1	2	2	2	3	2	2	2	1	1	4	2	1	3	3	2	2	2
Hypsiboas pugnax_02	3	3	1	3	2	1	1	2	1	1	2	1	2	1	2	2	1	1	1	3	1	1	2	1	1	4	1	3	1	1	4	2	2	2	3	1	1	1	1	1	1	1	1	4	2	5	1	4	1	1	1	1	2	1	2	2	2	2	2	2	2	1	1	4	2	1	3	3	2	2	2
Hypsiboas pugnax_03	3	3	1	3	2	1	1	2	1	1	2	1	2	1	2	2	1	1	1	3	1	1	2	1	1	4	1	3	1	1	4	2	2	2	3	1	1	1	1	1	1	1	1	4	2	5	1	4	1	1	1	1	2	1	2	2	2	2	2	2	2	1	1	4	2	1	3	3	2	2	2
Hypsiboas pugnax_04	3	3	1	3	2	1	1	2	1	1	2	1	2	1	2	2	1	1	1	3	1	1	2	1	2	4	1	3	1	2	4	2	2	2	3	1	1	1	1	1	1	1	1	4	2	5	1	4	1	1	1	1	2	1	2	2	2	3	2	2	2	1	1	4	2	1	3	3	2	2	2
Hypsiboas pugnax_05	3	3	1	3	2	1	1	2	1	1	2	1	2	1	2	2	1	1	1	3	1	1	2	1	2	4	1	3	1	2	4	2	2	2	3	1	1	1	1	1	1	1	1	4	2	5	1	4	1	1	1	1	2	1	2	2	2	2	2	2	2	1	1	4	2	1	3	3	2	2	2
Hypsiboas pugnax_06	3	3	1	3	2	4	1	2	1	1	2	1	2	1	2	2	1	1	1	3	1	1	2	1	1	4	1	3	1	2	4	2	2	2	1	1	1	1	1	1	1	1	1	4	2	5	1	4	1	1	1	1	2	1	2	2	2	3	2	2	2	1	1	4	2	1	3	3	2	2	2
Hypsiboas pugnax_07	3	3	1	3	2	1	1	2	1	1	2	1	2	1	2	2	1	1	1	3	1	1	2	1	1	4	1	3	1	2	4	2	2	2	3	1	1	1	1	1	1	1	1	4	2	5	1	4	1	1	1	1	2	1	2	2	2	3	2	2	2	1	1	4	2	1	3	3	2	2	2
Hypsiboas pugnax_08	3	2	1	3	2	1	1	2	1	1	2	1	2	1	2	2	1	1	1	3	1	1	2	1	2	4	1	3	1	2	4	2	2	2	3	1	1	1	1	1	1	1	1	4	2	5	1	4	1	1	1	1	2	1	2	2	2	3	2	2	2	1	1	4	2	1	3	3	2	2	2
Hypsiboas pugnax_09	3	3	1	3	2	1	1	2	1	1	2	1	2	1	2	2	1	1	1	3	1	1	2	1	1	4	1	3	1	2	4	2	2	2	3	1	1	1	1	1	1	1	1	4	2	5	1	4	1	1	1	1	2	1	2	2	2	3	2	2	2	1	1	4	2	1	3	3	2	2	2
Hypsiboas pugnax_10	3	1	1	3	2	1	1	2	1	1	2	1	2	1	2	2	1	1	1	3	1	1	2	1	1	4	1	2	1	1	4	2	2	2	3	1	1	1	1	1	1	1	1	4	2	5	1	4	1	1	1	1	2	1	2	2	2	3	2	2	2	1	1	4	2	1	3	3	2	2	2
Hypsiboas boans_01	3	3	1	3	2	1	1	2	1	1	2	1	2	1	2	2	2	1	1	3	1	1	2	1	1	4	1	4	1	1	4	2	2	2	3	1	1	2	3	1	1	1	1	4	2	5	2	2	2	1	1	1	2	1	2	2	2	3	3	3	3	1	1	4	2	3	4	3	2	2	2
Hypsiboas boans_02	3	3	1	3	2	1	1	2	1	1	2	1	2	1	2	2	2	1	1	3	1	1	2	1	1	4	1	4	1	1	4	2	2	2	3	1	1	2	3	1	1	1	1	4	2	5	2	2	2	1	1	1	2	1	2	2	2	3	3	3	3	1	1	4	2	3	4	3	2	2	2
Hypsiboas boans_03	3	3	1	3	2	1	1	1	1	1	2	1	2	1	2	2	2	1	1	3	1	1	2	1	1	4	1	4	1	2	4	2	2	2	3	1	1	2	3	1	1	1	1	4	2	5	2	2	2	1	1	1	2	1	2	2	2	3	3	3	3	1	1	4	2	3	4	3	2	2	2
Hypsiboas sp._01	3	3	1	3	2	1	1	2	1	1	2	1	2	1	2	2	1	1	1	3	1	1	2	1	1	4	1	4	1	2	4	2	2	2	3	1	1	1	1	1	1	1	1	4	2	5	2	2	1	1	1	1	2	1	2	2	2	2	2	2	2	1	1	4	2	1	3	3	2	2	2
Hypsiboas sp._02	3	3	1	3	2	1	1	2	1	1	2	1	2	1	2	2	1	1	1	3	1	1	2	1	2	4	1	4	1	1	4	2	2	2	3	1	1	1	1	1	1	1	1	4	2	5	2	2	1	1	1	1	2	1	2	2	2	2	2	2	2	1	1	4	2	1	3	3	2	2	2
Hypsiboas sp._03	3	3	1	3	4	4	1	2	1	1	2	1	2	1	2	2	1	1	1	3	1	1	2	1	1	4	1	4	1	2	4	2	2	2	3	1	1	1	1	1	1	1	1	4	2	5	2	2	1	1	1	1	2	1	2	2	2	2	2	2	2	1	1	4	2	1	3	3	2	2	2
Hypsiboas sp._04	3	3	1	3	2	1	1	2	1	1	2	1	2	1	2	2	1	1	1	3	1	1	2	1	1	4	1	4	1	1	4	2	2	2	3	1	1	1	1	1	1	1	1	4	2	5	2	2	1	1	1	1	NA	1	2	2	2	2	2	2	2	1	1	4	2	1	3	3	2	2	2
Hypsiboas sp._05	3	3	1	3	2	1	1	2	1	1	2	1	2	1	1	2	1	1	1	3	1	1	2	1	1	4	1	4	1	2	4	2	2	2	3	1	1	1	1	1	1	1	1	4	2	5	2	2	1	1	1	1	2	1	2	2	2	2	2	2	2	1	1	4	2	1	3	3	2	2	2
Agalychnis terranova_01	3	2	1	3	2	3	1	2	1	1	2	1	2	1	2	3	2	1	1	3	3	2	2	1	1	2	1	2	1	2	4	2	1	2	3	1	2	2	1	1	1	1	1	9	1		5	1	1	1	1	1	1	1	2	2	1	2	1	1	1	2	1	4	2	1	3	3	2	2	2
Phyllomedusa venusta_01	3	2	1	3	2	3	1	2	1	1	2	1	2	1	1	3	1	1	1	3	3	2	2	1	1	2	1	2	1	2	4	2	3	2	3	1	5	5	5	1	1	1	1	6	1	2	5	3	3	1	1	1	1	1	2	2	8	5	5	5	5	2	1	3	2	2	3	3	2	2	2
Phyllomedusa venusta_02	3	2	1	3	2	3	1	2	1	1	2	1	2	1	2	3	1	1	1	3	3	2	2	1	1	2	1	2	1	2	4	2	3	2	3	1	5	5	5	1	1	1	1	6	1	2	5	3	3	1	1	1	1	1	2	2	8	5	5	5	5	2	1	3	2	2	3	3	2	2	2
Phyllomedusa venusta_03	3	2	1	3	2	3	1	2	1	1	2	1	2	1	2	3	1	1	1	3	3	2	2	1	1	2	1	2	1	2	4	2	3	2	3	1	5	5	5	1	1	1	1	6	1	2	5	3	3	1	1	1	1	1	2	2	8	5	5	5	5	2	1	3	2	2	3	3	2	2	2
Phyllomedusa venusta_04	3	2	1	3	2	3	1	2	1	1	2	1	2	1	2	3	1	1	1	3	3	2	2	1	1	2	1	2	1	2	4	2	3	2	3	1	5	5	5	1	1	1	1	6	1	2	5	3	3	1	1	1	1	1	2	2	8	5	5	5	5	2	1	3	2	2	3	3	2	2	2
Pithecopus hypochondrialis_01	3	2	1	3	4	4	1	1	1	1	2	1	2	1	1	3	1	1	2	3	3	2	2	1	3	NA	NA	2	1	2	4	2	4	2	3	1	5	5	5	1	1	1	1	9	1	5	5	4	3	1	1	1	1	Ausente	2	2	8	1	1	5	5	2	1	3	2	1	3	3	2	2	2
Pithecopus hypochondrialis_02	3	2	1	3	4	4	1	1	1	1	2	1	2	1	1	3	1	1	2	3	3	1	2	1	3	NA	NA	2	1	2	4	2	4	2	3	1	5	5	5	1	1	1	1	9	1	5	5	4	3	1	1	1	1	Ausente	2	2	8	1	1	5	5	2	1	3	2	1	3	3	2	2	2
Engystomops pustulosus_01	3	2	2	3	3	2	1	2	1	1	2	1	2	3	2	2	1	2	2	3	1	2	1	1	3	NA	NA	1	2	2	4	2	4	1	NA	1	5	5	5	1	1	1	2	2	1	2	4	4	3	1	1	1	2	1	1	2	2	5	5	5	5	1	1	3	2	2	1	3	2	2	2
Engystomops pustulosus_02	3	2	2	3	3	2	1	2	1	1	2	1	2	3	2	2	1	2	2	3	1	2	1	1	3	NA	NA	1	2	2	4	2	4	1	NA	1	5	5	5	1	1	1	2	2	1	2	4	4	3	1	1	1	2	1	1	2	2	5	5	5	5	1	1	3	2	2	1	3	2	2	2
Engystomops pustulosus_03	3	2	2	3	3	2	1	2	1	1	2	1	2	3	2	2	1	2	2	3	1	2	1	1	3	NA	NA	1	2	2	4	2	4	1	NA	1	5	5	5	1	1	1	2	2	1	2	4	4	3	1	1	1	2	1	1	2	2	5	5	5	5	1	1	3	2	2	1	3	2	2	2
Engystomops pustulosus_04	3	2	2	3	3	2	1	2	1	1	2	1	2	3	2	2	1	2	2	3	1	2	1	1	3	NA	NA	1	2	2	4	2	4	1	NA	1	5	5	5	1	1	1	2	2	1	2	4	4	3	1	1	1	2	1	1	2	2	5	5	5	5	1	1	3	2	2	1	3	2	2	2
Engystomops pustulosus_05	3	2	2	3	3	2	1	2	1	1	2	1	2	3	2	2	1	2	2	3	1	2	1	1	3	NA	NA	1	2	2	4	2	4	1	NA	1	5	5	5	1	1	1	2	2	1	2	4	4	3	1	1	1	2	1	1	2	2	5	5	5	5	1	1	3	2	2	1	3	2	2	2
Engystomops pustulosus_06	3	2	2	3	3	2	1	2	1	1	2	1	2	3	2	2	1	2	2	3	1	2	1	1	3	NA	NA	1	2	2	4	2	4	1	NA	1	5	5	5	1	1	1	2	2	1	2	4	4	3	1	1	1	2	1	1	2	2	5	5	5	5	1	1	3	2	2	1	3	2	2	2
Engystomops pustulosus_07	3	2	2	3	3	2	1	2	1	1	2	1	2	3	2	2	1	2	2	3	1	2	1	1	3	NA	NA	1	2	2	4	2	4	1	NA	1	5	5	5	1	1	1	2	2	1	2	4	4	3	1	1	1	2	1	1	2	2	5	5	5	5	1	1	3	2	2	1	3	2	2	2
Engystomops pustulosus_08	3	2	2	3	3	2	1	2	1	1	2	1	2	3	2	2	1	2	2	3	1	2	1	1	3	NA	NA	1	2	2	4	2	4	1	NA	1	5	5	5	1	1	1	2	2	1	2	4	4	3	1	1	1	2	1	1	2	2	5	5	5	5	1	1	3	2	2	1	3	2	2	2
Engystomops pustulosus_09	3	2	2	3	3	2	1	2	1	1	2	1	2	3	2	2	1	2	2	3	1	2	1	1	3	NA	NA	1	2	2	4	2	4	1	NA	1	5	5	5	1	1	1	2	2	1	2	4	4	3	1	1	1	2	1	1	2	2	5	5	5	5	1	1	3	2	2	1	3	2	2	2
Engystomops pustulosus_10	3	2	2	3	3	2	1	2	1	1	2	1	2	3	2	2	1	2	2	3	1	2	1	1	3	NA	NA	1	2	2	4	2	4	1	NA	1	5	5	5	1	1	1	2	2	1	2	4	4	3	1	1	1	2	1	1	2	2	5	5	5	5	1	1	3	2	2	1	3	2	2	2
Leptodactylus bolivianus_01	3	3	2	3	2	1	2	1	1	1	2	1	2	1	2	2	1	1	1	3	1	2	2	1	1	4	2	2	1	2	4	2	4	1	NA	9	5	5	5	1	1	2	NA	4	2	5	1	4	1	1	1	2	NA	1	1	2	1	1	1	1	1	1	1	4	1	1	1	3	2	2	2
Leptodactylus bolivianus_02	3	3	2	3	2	1	2	1	1	1	2	1	2	1	1	2	1	1	1	3	1	2	2	1	1	4	2	2	1	2	4	2	4	1	NA	9	5	5	5	1	1	2	NA	4	2	5	1	4	1	1	1	2	NA	1	1	2	1	1	1	1	1	1	1	4	1	1	1	3	2	2	2
Leptodactylus bolivianus_03	3	3	2	3	2	1	2	1	1	1	2	1	2	1	1	2	1	1	1	3	1	2	2	1	1	4	2	2	1	2	4	2	4	1	NA	9	5	5	5	1	1	2	NA	4	2	5	1	4	1	1	1	2	NA	1	1	2	1	1	1	1	1	1	1	4	1	1	1	3	2	2	2
Leptodactylus bolivianus_04	3	3	2	3	2	1	2	1	1	1	2	1	2	1	2	2	1	1	1	3	1	2	2	1	1	4	2	2	1	2	4	2	4	1	NA	9	5	5	5	1	1	2	NA	4	2	5	1	4	1	1	1	2	NA	1	1	2	1	1	1	1	1	1	1	4	1	1	1	3	2	2	2
Leptodactylus bolivianus_05	3	3	2	3	2	1	2	1	1	1	2	1	2	1	2	2	1	1	1	3	1	2	2	1	1	4	2	2	1	2	4	2	4	1	NA	9	5	5	5	1	1	2	NA	4	2	5	1	4	1	1	1	2	NA	1	1	2	1	1	1	1	1	1	1	4	1	1	1	3	2	2	2
Leptodactylus bolivianus_06	3	3	2	3	2	1	2	1	1	1	2	1	2	1	2	2	1	1	1	3	1	2	2	1	1	4	2	2	1	2	4	2	4	1	NA	9	5	5	5	1	1	2	NA	4	2	5	1	4	1	1	1	2	NA	1	1	2	1	1	1	1	1	1	1	4	1	1	1	3	2	2	2
Leptodactylus bolivianus_07	3	3	2	3	2	1	2	1	1	1	2	1	2	1	2	2	1	1	1	3	1	2	2	1	1	4	2	2	1	2	4	2	4	1	NA	9	5	5	5	1	1	2	NA	4	2	5	1	4	1	1	1	2	NA	1	1	2	1	1	1	1	1	1	1	4	1	1	1	3	2	2	2
Leptodactylus bolivianus_08	3	3	2	3	2	1	2	1	1	1	2	1	2	1	2	2	1	1	1	3	1	2	2	1	1	4	2	2	1	2	4	2	4	1	NA	9	5	5	5	1	1	2	NA	4	2	5	1	4	1	1	1	2	NA	1	1	2	1	1	1	1	1	1	1	4	1	1	1	3	2	2	2
Leptodactylus bolivianus_09	3	3	2	3	2	1	2	1	1	1	2	1	2	1	1	2	1	1	1	3	1	2	2	1	1	4	2	2	1	2	4	2	4	1	NA	9	5	5	5	1	1	2	NA	4	2	5	1	4	1	1	1	2	NA	1	1	2	1	1	1	1	1	1	1	4	1	1	1	3	2	2	2
Leptodactylus bolivianus_10	3	3	2	3	2	1	2	1	1	1	2	1	2	1	1	2	1	1	1	3	1	2	2	1	1	4	2	2	1	2	4	2	4	1	NA	9	5	5	5	1	1	2	NA	4	2	5	1	4	1	1	1	2	NA	1	1	2	1	1	1	1	1	1	1	4	1	1	1	3	2	2	2
Leptodactylus colombiensis_01	3	3	2	3	2	1	2	1	1	1	2	1	2	1	1	2	1	1	1	3	1	2	2	1	2	1	2	1	1	2	4	2	1	1	NA	9	5	5	5	1	1	1	NA	4	1	5	1	4	1	1	1	2	NA	1	1	2	5	1	1	1	1	1	1	4	1	2	1	3	2	2	2
Leptodactylus colombiensis_02	3	3	2	3	2	1	2	1	1	1	2	1	2	1	3	2	1	1	1	3	1	2	2	1	1	4	2	1	1	2	4	2	1	1	NA	9	5	5	5	1	1	1	NA	4	1	5	1	4	1	1	1	2	NA	1	1	2	5	1	1	1	1	1	1	4	1	2	1	3	2	2	2
Leptodactylus colombiensis_03	3	3	2	3	2	1	2	1	1	1	2	1	2	1	3	2	1	1	1	3	1	1	2	1	1	4	2	1	1	2	4	2	1	1	NA	9	5	5	5	1	1	1	NA	4	1	5	1	4	1	1	1	2	NA	1	1	2	5	1	1	1	1	1	1	4	1	2	1	3	2	2	2
Leptodactylus colombiensis_04	3	3	2	3	2	1	2	1	1	1	2	1	2	1	2	2	1	1	1	3	1	1	2	1	1	1	2	1	1	2	4	2	1	1	NA	9	5	5	5	1	1	1	NA	4	1	5	1	4	1	1	1	2	NA	1	1	2	5	1	1	1	1	1	1	4	1	2	1	3	2	2	2
Leptodactylus fragilis_01	3	3	2	3	3	2	2	1	1	1	2	1	2	1	1	1	1	1	1	3	1	2	2	1	1	4	2	1	4	2	4	2	4	1	NA	11	5	5	5	1	1	1	2	4	1	5	1	4	1	1	1	1	2	1	1	2	1	1	1	1	1	1	1	4	1	2	1	3	2	1	1
Leptodactylus fragilis_02	3	3	2	3	3	2	2	1	1	1	2	1	2	1	3	1	1	1	1	3	1	2	2	1	1	4	2	1	4	1	4	2	4	1	NA	11	5	5	5	1	1	1	2	4	1	5	1	4	1	1	1	1	2	1	1	2	1	1	1	1	1	1	1	4	1	2	1	3	2	1	1
Leptodactylus fragilis_03	3	3	2	3	3	2	2	1	1	1	2	1	2	1	3	1	1	1	1	3	1	2	2	1	1	4	2	1	4	1	4	2	4	1	NA	11	5	5	5	1	1	1	2	4	1	5	1	4	1	1	1	1	2	1	1	2	1	1	1	1	1	1	1	4	1	2	1	3	2	1	1
Leptodactylus fragilis_04	3	3	2	3	3	2	2	1	1	1	2	1	2	1	1	1	1	1	1	3	1	2	2	1	1	4	2	1	4	1	4	2	4	1	NA	11	5	5	5	1	1	1	2	4	1	5	1	4	1	1	1	1	2	1	1	2	1	1	1	1	1	1	1	4	1	2	1	3	2	1	1
Leptodactylus fragilis_05	3	3	2	3	2	1	2	1	1	1	2	1	2	1	3	1	1	1	1	3	1	1	2	1	1	4	2	1	4	1	4	2	4	1	NA	11	5	5	5	1	1	1	2	4	1	5	1	4	1	1	1	1	2	1	1	2	1	1	1	1	1	1	1	4	1	2	1	3	2	1	1
Leptodactylus fragilis_06	3	3	2	3	3	2	2	1	1	1	2	1	2	1	3	1	1	1	1	3	1	2	2	1	1	4	2	1	4	2	4	2	4	1	NA	11	5	5	5	1	1	1	2	4	1	5	1	4	1	1	1	1	2	1	1	2	1	1	1	1	1	1	1	4	1	2	1	3	2	1	1
Leptodactylus fragilis_07	3	3	2	3	3	2	2	1	1	1	2	1	2	1	2	1	1	1	1	3	1	2	2	1	2	4	2	1	4	1	4	2	4	1	NA	11	5	5	5	1	1	1	2	4	1	5	1	4	1	1	1	1	2	1	1	2	1	1	1	1	1	1	1	4	1	2	1	3	2	1	1
Leptodactylus fragilis_08	3	3	2	3	3	2	2	1	1	1	2	1	2	1	1	1	1	1	1	3	1	2	2	1	1	4	2	1	4	2	4	2	4	1	NA	11	5	5	5	1	1	1	2	4	1	5	1	4	1	1	1	1	2	1	1	2	1	1	1	1	1	1	1	4	1	2	1	3	2	1	1
Leptodactylus fragilis_09	3	3	2	3	3	2	2	1	1	1	2	1	2	1	1	1	1	1	1	3	1	2	2	1	1	4	2	1	4	2	4	2	4	1	NA	11	5	5	5	1	1	1	2	4	1	5	1	4	1	1	1	1	2	1	1	2	1	1	1	1	1	1	1	4	1	2	1	3	2	1	1
Leptodactylus fragilis_10	3	3	2	3	3	2	2	1	1	1	2	1	2	1	1	1	1	1	1	3	1	1	2	1	1	4	2	1	4	2	4	2	4	1	NA	11	5	5	5	1	1	1	2	4	1	5	1	4	1	1	1	1	2	1	1	2	1	1	1	1	1	1	1	4	1	2	1	3	2	1	1
Leptodactylus fuscus_01	3	3	2	3	3	2	1	1	2	2	2	1	2	1	1	1	1	1	1	3	1	2	2	1	1	4	2	1	4	2	4	2	4	1	NA	11	5	5	5	1	1	2	NA	4	1	5	1	4	1	1	1	2	NA	1	1	2	5	1	1	1	1	1	1	4	1	1	1	3	2	1	2
Leptodactylus fuscus_02	3	3	2	3	3	2	1	1	2	2	2	1	2	1	2	1	1	1	1	3	1	2	2	1	1	4	2	1	4	2	4	2	4	1	NA	11	5	5	5	1	1	2	NA	4	1	5	1	4	1	1	1	2	NA	1	1	2	5	1	1	1	1	1	1	4	1	1	1	3	2	1	2
Leptodactylus fuscus_03	3	3	2	3	3	2	1	1	2	2	2	1	2	1	2	1	1	1	1	3	1	2	2	1	1	4	2	1	4	2	4	2	4	1	NA	11	5	5	5	1	1	2	NA	4	1	5	1	4	1	1	1	2	NA	1	1	2	5	1	1	1	1	1	1	4	1	1	1	3	2	1	2
Leptodactylus fuscus_04	3	3	2	3	3	2	1	1	2	2	2	1	2	1	2	1	1	1	1	3	1	2	2	1	1	4	2	1	4	2	4	2	4	1	NA	11	5	5	5	1	1	2	NA	4	1	5	1	4	1	1	1	2	NA	1	1	2	5	1	1	1	1	1	1	4	1	1	1	3	2	1	2
Leptodactylus fuscus_05	3	3	2	3	3	2	1	1	2	2	2	1	2	1	2	1	1	1	1	3	1	2	2	1	1	4	2	1	4	2	4	2	4	1	NA	11	5	5	5	1	1	2	NA	4	1	5	1	4	1	1	1	2	NA	1	1	2	5	1	1	1	1	1	1	4	1	1	1	3	2	1	2
Leptodactylus fuscus_06	3	3	2	3	3	2	1	1	2	2	2	1	2	1	2	1	1	1	1	3	1	2	2	1	1	4	2	1	4	2	4	2	4	1	NA	11	5	5	5	1	1	2	NA	4	1	5	1	4	1	1	1	2	NA	1	1	2	5	1	1	1	1	1	1	4	1	1	1	3	2	1	2
Leptodactylus fuscus_07	3	3	2	3	3	2	1	1	2	2	2	1	2	1	2	1	1	1	1	3	1	2	2	1	1	4	2	1	4	2	4	2	4	1	NA	11	5	5	5	1	1	2	NA	4	1	5	1	4	1	1	1	2	NA	1	1	2	5	1	1	1	1	1	1	4	1	1	1	3	2	1	2
Leptodactylus fuscus_08	3	3	2	3	3	2	1	1	2	2	2	1	2	1	2	1	1	1	1	3	1	2	2	1	1	4	2	1	4	2	4	2	4	1	NA	11	5	5	5	1	1	2	NA	4	1	5	1	4	1	1	1	2	NA	1	1	2	5	1	1	1	1	1	1	4	1	1	1	3	2	1	2
Leptodactylus fuscus_09	3	3	2	3	3	2	1	1	2	2	2	1	2	1	1	1	1	1	1	3	1	2	2	1	1	4	2	1	4	2	4	2	4	1	NA	11	5	5	5	1	1	2	NA	4	1	5	1	4	1	1	1	2	NA	1	1	2	5	1	1	1	1	1	1	4	1	1	1	3	2	1	2
Leptodactylus fuscus_10	3	3	2	3	3	2	1	1	2	2	2	1	2	1	2	1	1	1	1	3	1	1	2	1	2	4	2	1	4	2	4	2	4	1	NA	11	5	5	5	1	1	2	NA	4	1	5	1	4	1	1	1	2	NA	1	1	2	5	1	1	1	1	1	1	4	1	1	1	3	2	1	2
Leptodactylus insularum_01	3	3	2	3	4	4	1	1	1	1	2	1	2	1	2	1	1	1	1	3	1	2	2	1	1	4	2	1	1	2	4	2	4	1	NA	11	5	5	5	1	1	2	NA	4	1	5	1	4	3	1	1	2	NA	1	1	2	6	1	1	1	1	1	1	4	1	1	1	3	2	1	2
Leptodactylus insularum_02	3	3	2	3	2	1	1	1	1	1	2	1	2	1	1	1	1	1	1	3	1	2	2	1	1	4	2	1	1	2	4	2	4	1	NA	11	5	5	5	1	1	2	NA	4	1	5	1	4	3	1	1	2	NA	1	1	2	6	1	1	1	1	1	1	4	1	1	1	3	2	1	2
Leptodactylus pentadactylus_01	3	3	2	3	2	1	1	1	1	1	2	1	2	1	2	1	1	1	1	3	1	2	2	1	1	4	2	1	1	2	4	2	4	1	NA	11	5	5	5	1	1	2	NA	4	2	5	1	4	1	1	1	2	NA	1	1	2	5	1	1	1	1	1	1	4	1	1	1	3	2	1	2
Leptodactylus pentadactylus_02	3	3	2	3	2	1	1	1	1	1	2	1	2	1	2	1	1	1	1	3	1	2	2	1	1	1	2	1	1	2	4	2	4	1	NA	11	5	5	5	1	1	1	2	4	2	5	1	4	1	1	1	2	NA	1	1	2	5	1	1	1	1	1	1	4	1	1	1	3	2	1	2
Leptodactylus latrans_01	3	3	2	3	2	2	1	1	1	1	2	1	2	1	2	1	1	1	1	3	1	2	2	1	1	4	2	1	1	2	4	2	4	1	NA	11	5	5	5	1	1	2	NA	4	1	5	1	4	1	1	1	2	NA	1	1	2	5	1	1	1	1	1	1	4	1	1	1	3	2	1	2
Leptodactylus poecilochilus_01	3	3	2	3	3	2	1	1	1	1	2	1	2	1	2	1	1	1	1	3	1	2	2	1	1	4	2	1	1	2	4	2	4	1	NA	11	5	5	5	1	1	1	2	4	1	5	1	4	1	1	1	2	NA	1	1	2	5	1	1	1	1	1	1	4	1	1	1	3	2	1	2
Leptodactylus mystacinus_01	3	3	2	3	2	1	1	2	1	1	2	1	2	1	1	1	1	1	1	3	1	2	2	1	1	4	2	1	1	1	4	2	4	1	NA	11	5	5	5	1	1	1	2	4	1	5	1	4	1	1	1	1	2	1	1	2	5	1	1	1	1	1	1	4	1	1	1	3	2	1	2
Physalemus fischeri_01	3	3	2	3	3	1	1	2	1	2	1	1	2	1	1	2	1	2	2	NA	Grueso	2	1	1	3	NA	NA	1	2	2	4	2	1	1	NA	5	1	1	1	1	1	1	2	4	1	5	5	3	1	1	1	2	NA	1	1	2	2	1	1	1	1	1	1	1	1	1	1	3	2	1	2
Pleuroderma brachyops_01	3	3	2	3	2	4	1	2	2	2	2	1	2	1	2	2	1	1	1	3	1	2	1	1	1	2	1	1	1	2	4	2	4	1	NA	11	5	5	5	1	1	1	2	2	1	5	5	4	1	1	1	2	NA	1	1	2	5	1	1	1	1	1	1	2	2	2	1	3	2	1	2
Pleuroderma brachyops_02	3	3	2	3	2	1	1	2	2	2	2	1	2	1	2	2	1	1	1	3	1	1	2	1	1	2	1	1	1	2	4	2	4	1	NA	11	5	5	5	1	1	1	2	2	1	5	5	4	1	1	1	2	NA	1	1	2	5	1	1	1	1	1	1	2	2	2	1	3	2	1	2
Pleuroderma brachyops_03	3	3	2	3	2	4	1	2	2	2	2	1	2	1	2	2	1	1	1	3	1	1	2	1	1	2	1	1	1	2	4	2	4	1	NA	11	5	5	5	1	1	1	2	2	1	5	5	4	1	1	1	2	NA	1	1	2	5	1	1	1	1	1	1	2	2	2	1	3	2	1	2
Pleuroderma brachyops_04	3	3	2	3	2	1	1	2	2	2	2	1	2	1	2	2	1	1	1	3	1	2	1	1	1	2	1	1	1	2	4	2	4	1	NA	11	5	5	5	1	1	1	2	2	1	5	5	4	1	1	1	2	NA	1	1	2	5	1	1	1	1	1	1	2	2	2	1	3	2	1	2
Pleuroderma brachyops_05	3	3	2	3	2	4	1	2	2	2	2	1	2	1	2	2	1	1	1	3	1	1	2	1	1	2	1	1	1	2	4	2	4	1	NA	11	5	5	5	1	1	1	2	2	1	5	5	4	1	1	1	2	NA	1	1	2	5	1	1	1	1	1	1	2	2	2	1	3	2	1	2
Pleuroderma brachyops_06	3	3	2	3	2	4	1	2	2	2	2	1	2	1	2	2	1	1	1	3	1	1	2	1	1	2	1	1	1	2	4	2	4	1	NA	11	5	5	5	1	1	1	2	2	1	5	5	4	1	1	1	2	NA	1	1	2	5	1	1	1	1	1	1	2	2	2	1	3	2	1	2
Pleuroderma brachyops_07	3	3	2	3	2	4	1	2	2	2	2	1	2	1	2	2	1	1	1	3	1	1	2	1	1	2	1	1	1	2	4	2	4	1	NA	11	5	5	5	1	1	1	2	2	1	5	5	4	1	1	1	2	NA	1	1	2	5	1	1	1	1	1	1	2	2	2	1	3	2	1	2
Pleuroderma brachyops_08	3	3	2	3	2	4	1	2	2	2	2	1	2	1	2	2	1	1	1	3	1	1	2	1	1	2	1	1	1	2	4	2	4	1	NA	11	5	5	5	1	1	1	2	2	1	5	5	4	1	1	1	2	NA	1	1	2	5	1	1	1	1	1	1	2	2	2	1	3	2	1	2
Pleuroderma brachyops_09	3	3	2	3	2	4	1	2	2	2	2	1	2	1	2	2	1	1	1	3	1	1	2	1	1	2	1	1	1	2	4	2	4	1	NA	11	5	5	5	1	1	1	2	2	1	5	5	4	1	1	1	2	NA	1	1	2	5	1	1	1	1	1	1	2	2	2	1	3	2	1	2
Pleuroderma brachyops_10	3	3	2	3	2	4	1	2	2	2	2	1	2	1	2	2	1	1	1	3	1	1	1	1	1	2	1	1	1	2	4	2	4	1	NA	11	5	5	5	1	1	1	2	2	1	5	5	4	1	1	1	2	NA	1	1	2	5	1	1	1	1	1	1	2	2	2	1	3	2	1	2
Pseudopaludicola pusilla_01	3	2	2	3	3	2	1	2	1	1	2	1	2	1	3	1	1	2	2	NA	1	2	1	1	3	NA	NA	1	1	1	4	2	4	1	NA	2	5	5	5	1	1	2	NA	2	1	5	5	4	1	1	1	2	NA	1	1	NA	2	1	1	1	1	1	1	4	2	2	1	3	2	2	2
Pseudopaludicola pusilla_02	3	2	2	3	3	2	1	2	1	1	2	1	2	1	1	1	1	2	2	NA	1	2	1	1	3	NA	NA	1	1	1	4	2	4	1	NA	2	5	5	5	1	1	2	NA	2	1	5	5	4	1	1	1	2	NA	1	1	NA	2	1	1	1	1	1	1	4	2	2	1	3	2	2	2
Pseudopaludicola pusilla_03	3	2	2	3	3	2	1	2	1	1	2	1	2	1	3	1	1	2	2	NA	1	2	1	1	3	NA	NA	1	1	1	4	2	4	1	NA	2	5	5	5	1	1	2	NA	2	1	5	5	4	1	1	1	2	NA	1	1	NA	2	1	1	1	1	1	1	4	2	2	1	3	2	2	2
Pseudopaludicola pusilla_04	3	2	2	3	3	2	1	2	1	1	2	1	2	1	2	1	1	2	2	NA	1	2	1	1	3	NA	NA	1	1	1	4	2	4	1	NA	2	5	5	5	1	1	2	NA	2	1	5	5	4	1	1	1	2	NA	1	1	NA	2	1	1	1	1	1	1	4	2	2	1	3	2	2	2
Pseudopaludicola pusilla_05	3	2	2	3	3	2	1	2	1	1	2	1	2	1	3	1	1	2	2	NA	1	2	1	1	3	NA	NA	1	1	1	4	2	4	1	NA	2	5	5	5	1	1	2	NA	2	1	5	5	4	1	1	1	2	NA	1	1	NA	2	1	1	1	1	1	1	4	2	2	1	3	2	2	2
Pseudopaludicola pusilla_06	3	2	2	3	3	2	1	2	1	1	2	1	2	1	1	1	1	2	2	NA	1	2	1	1	3	NA	NA	1	1	1	4	2	4	1	NA	2	5	5	5	1	1	2	NA	2	1	5	5	4	1	1	1	2	NA	1	1	NA	2	1	1	1	1	1	1	4	2	2	1	3	2	2	2
Pseudopaludicola pusilla_07	3	2	2	3	3	2	1	2	1	1	2	1	2	1	3	1	1	2	2	NA	1	2	1	1	3	NA	NA	1	1	1	4	2	4	1	NA	2	5	5	5	1	1	2	NA	2	1	5	5	4	1	1	1	2	NA	1	1	NA	2	1	1	1	1	1	1	4	2	2	1	3	2	2	2
Pseudopaludicola pusilla_08	3	2	2	3	3	2	1	2	1	1	2	1	2	1	1	1	1	2	2	NA	1	2	1	1	3	NA	NA	1	1	1	4	2	4	1	NA	2	5	5	5	1	1	2	NA	2	1	5	5	4	1	1	1	2	NA	1	1	NA	2	1	1	1	1	1	1	4	2	2	1	3	2	2	2
Pseudopaludicola pusilla_09	3	2	2	3	3	2	1	2	1	1	2	1	2	1	1	1	1	2	2	NA	1	2	1	1	3	NA	NA	1	1	1	4	2	4	1	NA	2	5	5	5	1	1	2	NA	2	1	5	5	4	1	1	1	2	NA	1	1	NA	2	1	1	1	1	1	1	4	2	2	1	3	2	2	2
Pseudopaludicola pusilla_10	3	2	2	3	3	2	1	2	1	1	2	1	2	1	3	1	1	2	2	NA	1	2	1	1	3	NA	NA	1	1	1	4	2	4	1	NA	2	5	5	5	1	1	2	NA	2	1	5	5	4	1	1	1	2	NA	1	1	NA	2	1	1	1	1	1	1	4	2	2	1	3	2	2	2
Pseudopaludicola pusilla_11	3	2	2	3	3	2	1	2	1	1	2	1	2	1	1	1	1	2	2	NA	1	2	1	1	3	NA	NA	1	1	1	4	2	4	1	NA	2	5	5	5	1	1	2	NA	2	1	5	5	4	1	1	1	2	NA	1	1	NA	2	1	1	1	1	1	1	4	2	2	1	3	2	2	2
Pseudopaludicola pusilla_12	3	2	2	3	3	2	1	2	1	1	2	1	2	1	1	1	1	2	2	NA	1	2	1	1	3	NA	NA	1	1	1	4	2	4	1	NA	2	5	5	5	1	1	2	NA	2	1	5	5	4	1	1	1	2	NA	1	1	NA	2	1	1	1	1	1	1	4	2	2	1	3	2	2	2
Pseudopaludicola pusilla_13	3	2	2	3	3	2	1	2	1	1	2	1	2	1	3	1	1	2	2	NA	1	2	1	1	3	NA	NA	1	1	1	4	2	4	1	NA	2	5	5	5	1	1	2	NA	2	1	5	5	4	1	1	1	2	NA	1	1	NA	2	1	1	1	1	1	1	4	2	2	1	3	2	2	2
Rheobates palmatus_01	3	1	2	3	2	2	2	3	1	2	2	1	2	1	3	1	1	Inditinguible	2	NA	1	1	2	1	3	NA	NA	5	1	2	4	2	4	4	NA	8	5	5	5	1	1	2	NA	1	1	5	1	4	1	1	1	2	NA	1	1	3	5	2	2	2	2	1	1	4	2	1	3	3	2	2	2
Rheobates palmatus_02	3	1	2	3	2	2	2	3	1	2	2	1	2	1	3	1	1	Inditinguible	2	NA	1	2	2	1	3	NA	NA	5	1	2	4	2	4	4	NA	8	5	5	5	1	1	2	NA	1	1	5	1	4	1	1	1	2	NA	1	1	3	5	2	2	2	2	1	1	4	2	1	3	3	2	2	2
Rheobates palmatus_03	3	3	2	3	2	2	2	3	1	2	2	1	2	1	3	1	1	Inditinguible	2	NA	1	1	1	1	3	NA	NA	5	1	2	4	2	4	4	NA	8	5	5	5	1	1	2	NA	1	1	5	1	4	1	1	1	2	NA	1	1	3	5	2	2	2	2	1	1	4	2	1	3	3	2	2	2
Rheobates palmatus_04	3	3	2	3	2	2	2	3	1	2	2	1	2	1	3	1	1	Inditinguible	2	NA	1	2	2	1	3	NA	NA	5	1	2	4	2	4	4	NA	8	5	5	5	1	1	2	NA	1	1	5	1	4	1	1	1	2	NA	1	1	3	5	2	2	2	2	1	1	4	2	1	3	3	2	2	2
Rheobates palmatus_05	3	3	2	3	2	2	2	3	1	2	2	1	2	1	3	1	1	Inditinguible	2	NA	1	2	1	1	3	NA	NA	1	1	1	4	2	4	4	NA	8	5	5	5	1	1	2	NA	1	1	5	1	4	1	1	1	2	NA	1	1	2	5	2	2	2	2	1	1	4	2	1	3	3	2	2	2
Rheobates palmatus_06	3	3	2	3	2	2	2	3	1	2	2	1	2	1	3	1	1	Inditinguible	2	NA	1	1	1	1	3	NA	NA	5	1	1	4	2	4	4	NA	8	5	5	5	1	1	2	NA	1	1	5	1	4	1	1	1	2	NA	1	1	1	5	2	2	2	2	1	1	4	2	1	3	3	2	2	2
Rheobates palmatus_07	3	3	2	3	2	2	2	3	1	2	2	1	2	1	3	1	1	Inditinguible	2	NA	1	1	1	1	3	NA	NA	5	1	2	4	2	4	4	NA	8	5	5	5	1	1	2	NA	1	1	5	1	4	1	1	1	2	NA	1	1	3	5	2	2	2	2	1	1	4	2	1	3	3	2	2	2
Rheobates palmatus_08	3	1	2	3	2	2	2	3	1	2	2	1	2	1	3	1	1	Inditinguible	2	NA	1	2	2	1	3	NA	NA	5	1	2	4	2	4	4	NA	8	5	5	5	1	1	2	NA	1	1	5	1	4	1	1	1	2	NA	1	1	3	5	2	2	2	2	1	1	4	2	1	3	3	2	2	2
Rheobates palmatus_09	3	3	2	3	2	2	2	3	1	2	2	1	2	1	3	1	1	Inditinguible	2	NA	1	2	1	1	3	NA	NA	1	1	2	4	2	4	4	NA	8	5	5	5	1	1	2	NA	1	1	5	1	4	1	1	1	2	NA	1	1	2	5	2	2	2	2	1	1	4	2	1	3	3	2	2	2
Rheobates palmatus_10	3	3	2	3	2	2	2	3	1	2	2	1	2	1	3	1	1	Inditinguible	2	NA	1	2	2	1	3	NA	NA	5	1	2	4	2	4	4	NA	8	5	5	5	1	1	2	NA	1	1	5	1	4	1	1	1	2	NA	1	1	3	5	2	2	2	2	1	1	4	2	1	3	3	2	2	2
"Allobates niputidea_01
"	3	2	2	3	2	2	2	3	2	2	2	1	2	1	1	1	1	1	1	3	1	2	1	1	3	NA	NA	1	1	1	4	2	4	4	3	11	5	5	5	1	1	2	NA	1	1	5	3	4	1	1	1	2	NA	1	1	2	5	1	1	1	1	1	1	4	2	1	1	3	2	2	2
"Allobates niputidea_02
"	3	2	2	3	2	2	2	3	2	2	2	1	2	1	1	1	1	1	1	3	1	2	1	1	3	NA	NA	1	1	1	4	2	4	4	3	11	5	5	5	1	1	2	NA	1	1	5	3	4	1	1	1	2	NA	1	1	2	5	1	1	1	1	1	1	4	2	1	1	3	2	2	2
"Allobates niputidea_03
"	3	3	2	3	2	2	2	3	2	2	2	1	2	1	1	1	1	1	1	3	1	2	1	1	3	NA	NA	1	1	1	4	2	4	4	3	11	5	5	5	1	1	2	NA	1	1	5	3	4	1	1	1	2	NA	1	1	2	5	1	1	1	1	1	1	4	2	1	1	3	2	2	2
"Allobates niputidea_04
"	3	2	2	3	2	2	2	3	2	2	2	1	2	1	1	1	1	1	1	3	1	2	1	1	3	NA	NA	1	1	1	4	2	4	4	3	11	5	5	5	1	1	2	NA	1	1	5	3	4	1	1	1	2	NA	1	1	2	5	1	1	1	1	1	1	4	2	1	1	3	2	2	2
"Allobates niputidea_05
"	3	3	2	3	2	2	2	3	2	2	2	1	2	1	1	1	1	1	1	3	1	2	1	1	3	NA	NA	1	1	1	4	2	4	4	3	11	5	5	5	1	1	2	NA	1	1	5	3	4	1	1	1	2	NA	1	1	2	5	1	1	1	1	1	1	4	2	1	1	3	2	2	2
"Allobates niputidea_06
"	3	2	2	3	2	2	2	3	2	2	2	1	2	1	1	1	1	1	1	3	1	2	1	1	3	NA	NA	1	1	1	4	2	4	4	3	11	5	5	5	1	1	2	NA	1	1	5	3	4	1	1	1	2	NA	1	1	2	5	1	1	1	1	1	1	4	2	1	1	3	2	2	2
Oophaga histrionica_01	2	1	1	3	4	2	2	3	2	2	2	1	2	1	1	1	1	1	1	3	3	2	1	1	3	NA	NA	1	1	2	4	2	4	4	3	1	5	5	5	1	1	2	NA	1	3	5	5	4	3	1	1	2	NA	1	1	2	5	5	5	5	5	1	1	4	2	1	1	3	2	2	2
Oophaga histrionica_02	2	1	1	3	4	2	2	3	2	2	2	1	2	1	1	1	1	1	1	3	3	2	1	1	3	NA	NA	1	1	2	4	2	4	4	3	1	5	5	5	1	1	2	NA	1	3	5	5	4	3	1	1	2	NA	1	1	2	5	5	5	5	5	1	1	4	2	1	1	3	2	2	2
Oophaga histrionica_03	2	1	1	3	4	2	2	3	2	2	2	1	2	1	1	1	1	1	1	3	3	2	1	1	3	NA	NA	1	1	2	4	2	4	4	3	1	5	5	5	1	1	2	NA	1	3	5	5	4	3	1	1	2	NA	1	1	2	5	5	5	5	5	1	1	4	2	1	1	3	2	2	2
Oophaga histrionica_04	2	1	1	3	4	2	2	3	2	2	2	1	2	1	1	1	1	1	1	3	3	2	1	1	3	NA	NA	1	1	2	4	2	4	4	3	1	5	5	5	1	1	2	NA	1	3	5	5	4	3	1	1	2	NA	1	1	2	5	5	5	5	5	1	1	4	2	1	1	3	2	2	2
Oophaga histrionica_05	2	1	1	3	4	2	2	3	2	2	2	1	2	1	1	1	1	1	1	3	3	2	1	1	3	NA	NA	1	1	2	4	2	4	4	3	1	5	5	5	1	1	2	NA	1	3	5	5	4	3	1	1	2	NA	1	1	2	5	5	5	5	5	1	1	4	2	1	1	3	2	2	2
Oophaga histrionica_06	2	1	1	3	4	2	2	3	2	2	2	1	2	1	1	1	1	1	1	3	3	2	1	1	3	NA	NA	1	1	2	4	2	4	4	3	1	5	5	5	1	1	2	NA	1	3	5	5	4	3	1	1	2	NA	1	1	2	5	5	5	5	5	1	1	4	2	1	1	3	2	2	2
Oophaga histrionica_07	2	1	1	3	4	2	2	3	2	2	2	1	2	1	1	1	1	1	1	3	3	2	1	1	3	NA	NA	1	1	2	4	2	4	4	3	1	5	5	5	1	1	2	NA	1	3	5	5	4	3	1	1	2	NA	1	1	2	5	5	5	5	5	1	1	4	2	1	1	3	2	2	2
Oophaga histrionica_08	2	1	1	3	4	2	2	3	2	2	2	1	2	1	1	1	1	1	1	3	3	2	1	1	3	NA	NA	1	1	2	4	2	4	4	3	1	5	5	5	1	1	2	NA	1	3	5	5	4	3	1	1	2	NA	1	1	2	5	5	5	5	5	1	1	4	2	1	1	3	2	2	2
Oophaga histrionica_09	2	1	1	3	4	2	2	3	2	2	2	1	2	1	1	1	1	1	1	3	3	2	1	1	3	NA	NA	1	1	2	4	2	4	4	3	1	5	5	5	1	1	2	NA	1	3	5	5	4	3	1	1	2	NA	1	1	2	5	5	5	5	5	1	1	4	2	1	1	3	2	2	2
Oophaga histrionica_10	2	1	1	3	4	2	2	3	2	2	2	1	2	1	1	1	1	1	1	3	3	2	1	1	3	NA	NA	1	1	2	4	2	4	4	3	1	5	5	5	1	1	2	NA	1	3	5	5	4	3	1	1	2	NA	1	1	2	5	5	5	5	5	1	1	4	2	1	1	3	2	2	2
Hyloxalus subpunctatus_01	1	2	1	3	3	2	2	3	2	2	2	1	2	1	1	1	1	1	1	3	1	2	1	1	3	NA	NA	1	1	1	4	2	4	4	3	1	5	5	5	1	1	2	NA	1	1	5	1	4	1	1	1	2	NA	1	1	2	5	5	5	5	5	1	1	4	2	3	1	3	2	2	2
Hyloxalus subpunctatus_02	2	2	1	3	3	2	2	3	2	2	2	1	2	1	1	1	1	1	1	3	1	2	1	1	3	NA	NA	1	1	1	4	2	4	4	3	1	5	5	5	1	1	2	NA	1	1	5	1	4	1	1	1	2	NA	1	1	2	5	5	5	5	5	1	1	4	2	3	1	3	2	2	2
Hyloxalus subpunctatus_03	1	2	1	3	3	2	2	3	2	2	2	1	2	1	1	1	1	1	1	3	1	2	1	1	3	NA	NA	1	1	1	4	2	4	4	3	1	5	5	5	1	1	2	NA	1	1	5	1	4	1	1	1	2	NA	1	1	2	5	5	5	5	5	1	1	4	2	3	1	3	2	2	2
Hyloxalus subpunctatus_04	2	2	1	3	3	2	2	3	2	2	2	1	2	1	1	1	1	1	1	3	1	2	1	1	3	NA	NA	1	1	1	4	2	4	4	3	1	5	5	5	1	1	2	NA	1	1	5	1	4	1	1	1	2	NA	1	1	2	5	5	5	5	5	1	1	4	2	3	1	3	2	2	2
Hyloxalus subpunctatus_05	2	2	1	3	3	2	2	3	2	2	2	1	2	1	1	1	1	1	1	3	1	2	1	1	3	NA	NA	1	1	1	4	2	4	4	3	1	5	5	5	1	1	2	NA	1	1	5	1	4	1	1	1	2	NA	1	1	2	5	5	5	5	5	1	1	4	2	3	1	3	2	2	2
Hyloxalus subpunctatus_06	2	2	1	3	3	2	2	3	2	2	2	1	2	1	1	1	1	1	1	3	1	2	1	1	3	NA	NA	1	1	1	4	2	4	4	3	1	5	5	5	1	1	2	NA	1	1	5	1	4	1	1	1	2	NA	1	1	2	5	5	5	5	5	1	1	4	2	3	1	3	2	2	2
Hyloxalus subpunctatus_07	2	2	1	3	3	2	2	3	2	2	2	1	2	1	1	1	1	1	1	3	1	2	1	1	3	NA	NA	1	1	1	4	2	4	4	3	1	5	5	5	1	1	2	NA	1	1	5	1	4	1	1	1	2	NA	1	1	2	5	5	5	5	5	1	1	4	2	3	1	3	2	2	2
Hyloxalus subpunctatus_08	1	2	1	3	3	2	2	3	2	2	2	1	2	1	1	1	1	1	1	3	1	2	1	1	3	NA	NA	1	1	1	4	2	4	4	3	1	5	5	5	1	1	2	NA	1	1	5	1	4	1	1	1	2	NA	1	1	2	5	5	5	5	5	1	1	4	2	3	1	3	2	2	2
Hyloxalus subpunctatus_09	2	2	1	3	3	2	2	3	2	2	2	1	2	1	1	1	1	1	1	3	1	2	1	1	3	NA	NA	1	1	1	4	2	4	4	3	1	5	5	5	1	1	2	NA	1	1	5	1	4	1	1	1	2	NA	1	1	2	5	5	5	5	5	1	1	4	2	3	1	3	2	2	2
Hyloxalus subpunctatus_10	2	2	1	3	3	2	2	3	2	2	2	1	2	1	1	1	1	1	1	3	1	2	1	1	3	NA	NA	1	1	1	4	2	4	4	3	1	5	5	5	1	1	2	NA	1	1	5	1	4	1	1	1	2	NA	1	1	2	5	5	5	5	5	1	1	4	2	3	1	3	2	2	2
Dendrobates truncatus_01	2	1	1	3	4	2	2	3	2	2	2	1	2	1	2	1	1	Inditinguible	2	NA	3	2	1	1	3	NA	NA	1	1	2	4	2	4	4	NA	1	5	5	5	1	1	2	NA	1	1	5	1	4	1	1	1	2	NA	1	1	2	5	5	5	5	5	1	1	4	2	1	1	3	2	2	2
Dendrobates truncatus_02	2	1	1	3	4	2	2	3	2	2	2	1	2	1	2	1	1	Inditinguible	2	NA	3	2	1	1	3	NA	NA	1	1	2	4	2	4	4	NA	1	5	5	5	1	1	2	NA	1	1	5	1	4	1	1	1	2	NA	1	1	2	5	5	5	5	5	1	1	4	2	1	1	3	2	2	2
Dendrobates truncatus_03	2	1	1	3	4	2	2	3	2	2	2	1	2	1	1	1	1	Inditinguible	2	NA	3	2	1	1	3	NA	NA	1	1	2	4	2	4	4	NA	1	5	5	5	1	1	2	NA	1	1	5	1	4	1	1	1	2	NA	1	1	2	5	5	5	5	5	1	1	4	2	1	1	3	2	2	2
Dendrobates truncatus_04	2	1	1	3	4	2	2	3	2	2	2	1	2	1	2	1	1	Inditinguible	2	NA	3	2	1	1	3	NA	NA	1	1	2	4	2	4	4	NA	1	5	5	5	1	1	2	NA	1	1	5	1	4	1	1	1	2	NA	1	1	2	5	5	5	5	5	1	1	4	2	1	1	3	2	2	2
Dendrobates truncatus_05	2	1	1	3	4	2	2	3	2	2	2	1	2	1	2	1	1	Inditinguible	2	NA	3	2	1	1	3	NA	NA	1	1	2	4	2	4	4	NA	1	5	5	5	1	1	2	NA	1	1	5	1	4	1	1	1	2	NA	1	1	2	5	5	5	5	5	1	1	4	2	1	1	3	2	2	2
Dendrobates truncatus_06	2	1	1	3	4	2	2	3	2	2	2	1	2	1	1	1	1	Inditinguible	2	NA	3	2	1	1	3	NA	NA	1	1	2	4	2	4	4	NA	1	5	5	5	1	1	2	NA	1	1	5	1	4	1	1	1	2	NA	1	1	2	5	5	5	5	5	1	1	4	2	1	1	3	2	2	2
Dendrobates truncatus_07	2	1	1	3	4	2	2	3	2	2	2	1	2	1	1	1	1	Inditinguible	2	NA	3	2	1	1	3	NA	NA	1	1	2	4	2	4	4	NA	1	5	5	5	1	1	2	NA	1	1	5	1	4	1	1	1	2	NA	1	1	2	5	5	5	5	5	1	1	4	2	1	1	3	2	2	2
Dendrobates truncatus_08	2	1	1	3	4	2	2	3	2	2	2	1	2	1	2	1	1	Inditinguible	2	NA	3	2	1	1	3	NA	NA	1	1	2	4	2	4	4	NA	1	5	5	5	1	1	2	NA	1	1	5	1	4	1	1	1	2	NA	1	1	2	5	5	5	5	5	1	1	4	2	1	1	3	2	2	2
Dendrobates truncatus_09	2	1	1	3	4	2	2	3	2	2	2	1	2	1	2	1	1	Inditinguible	2	NA	3	2	1	1	3	NA	NA	1	1	2	4	2	4	4	NA	1	5	5	5	1	1	2	NA	1	1	5	1	4	1	1	1	2	NA	1	1	2	5	5	5	5	5	1	1	4	2	1	1	3	2	2	2
Dendrobates truncatus_10	2	1	1	3	4	2	2	3	2	2	2	1	2	1	2	1	1	Inditinguible	2	NA	3	2	1	1	3	NA	NA	1	1	2	4	2	4	4	NA	1	5	5	5	1	1	2	NA	1	1	5	1	4	1	1	1	2	NA	1	1	2	5	5	5	5	5	1	1	4	2	1	1	3	2	2	2
Andinobates virolinensis_01	2	3	1	3	3	2	2	3	2	2	2	1	2	1	2	1	1	1	1	3	3	2	1	1	3	NA	NA	1	1	1	4	2	4	4	3	2	5	5	5	1	1	2	NA	1	1	5	5	4	3	1	1	2	NA	1	1	2	5	5	5	5	5	1	1	4	2	3	1	3	2	2	2
Andinobates virolinensis_02	2	3	1	3	3	2	2	3	2	2	2	1	2	1	2	1	1	1	1	3	3	2	1	1	3	NA	NA	1	1	1	4	2	4	4	3	2	5	5	5	1	1	2	NA	1	1	5	5	4	3	1	1	2	NA	1	1	2	5	5	5	5	5	1	1	4	2	3	1	3	2	2	2
Andinobates virolinensis_03	2	3	1	3	3	2	2	3	2	2	2	1	2	1	2	1	1	1	1	3	3	2	1	1	3	NA	NA	1	1	1	4	2	4	4	3	2	5	5	5	1	1	2	NA	1	1	5	5	4	3	1	1	2	NA	1	1	2	5	5	5	5	5	1	1	4	2	3	1	3	2	2	2
Andinobates virolinensis_04	2	3	1	3	3	2	2	3	2	2	2	1	2	1	2	1	1	1	1	3	3	2	1	1	3	NA	NA	1	1	1	4	2	4	4	3	2	5	5	5	1	1	2	NA	1	1	5	5	4	3	1	1	2	NA	1	1	2	5	5	5	5	5	1	1	4	2	3	1	3	2	2	2
Andinobates virolinensis_05	2	3	1	3	3	2	2	3	2	2	2	1	2	1	2	1	1	1	1	3	3	2	1	1	3	NA	NA	1	1	1	4	2	4	4	3	2	5	5	5	1	1	2	NA	1	1	5	5	4	3	1	1	2	NA	1	1	2	5	5	5	5	5	1	1	4	2	3	1	3	2	2	2
Andinobates virolinensis_06	2	3	1	3	3	2	2	3	2	2	2	1	2	1	2	1	1	1	1	3	3	2	1	1	3	NA	NA	1	1	1	4	2	4	4	3	2	5	5	5	1	1	2	NA	1	1	5	5	4	3	1	1	2	NA	1	1	2	5	5	5	5	5	1	1	4	2	3	1	3	2	2	2
Andinobates virolinensis_07	2	3	1	3	3	2	2	3	2	2	2	1	2	1	2	1	1	1	1	3	3	2	1	1	3	NA	NA	1	1	1	4	2	4	4	3	2	5	5	5	1	1	2	NA	1	1	5	5	4	3	1	1	2	NA	1	1	2	5	5	5	5	5	1	1	4	2	3	1	3	2	2	2
Andinobates virolinensis_08	2	3	1	3	3	2	2	3	2	2	2	1	2	1	2	1	1	1	1	3	3	2	1	1	3	NA	NA	1	1	1	4	2	4	4	3	2	5	5	5	1	1	2	NA	1	1	5	5	4	3	1	1	2	NA	1	1	2	5	5	5	5	5	1	1	4	2	3	1	3	2	2	2
Andinobates virolinensis_09	2	3	1	3	3	2	2	3	2	2	2	1	2	1	2	1	1	1	1	3	3	2	1	1	3	NA	NA	1	1	1	4	2	4	4	3	2	5	5	5	1	1	2	NA	1	1	5	5	4	3	1	1	2	NA	1	1	2	5	5	5	5	5	1	1	4	2	3	1	3	2	2	2
Andinobates virolinensis_10	2	3	1	3	3	2	2	3	2	2	2	1	2	1	2	1	1	1	1	3	3	2	1	1	3	NA	NA	1	1	1	4	2	4	4	3	2	5	5	5	1	1	2	NA	1	1	5	5	4	3	1	1	2	NA	1	1	2	5	5	5	5	5	1	1	4	2	3	1	3	2	2	2
Ceratophrys calcarata_01	3	1	1	2	2	2	1	2	2	2	2	1	2	3	2	1	1	1	1	3	2	2	1	1	3	NA	NA	1	1	2	4	2	4	1	NA	8	5	5	5	1	1	2	NA	2	1	5	1	4	3	1	1	2	NA	1	2	NA	5	1	1	1	1	1	1	4	2	2	1	3	2	2	2
Ceratophrys calcarata_02	3	1	1	2	2	2	1	2	2	2	2	1	2	3	2	1	1	1	1	3	2	2	1	1	3	NA	NA	1	1	2	4	2	4	1	NA	8	5	5	5	1	1	2	NA	2	1	5	1	4	3	1	1	2	NA	1	2	NA	5	1	1	1	1	1	1	4	2	2	1	3	2	2	2
Ceratophrys calcarata_03	3	1	1	2	2	2	1	2	2	2	2	1	2	3	2	1	1	1	1	3	2	2	1	1	3	NA	NA	1	1	2	4	2	4	1	NA	8	5	5	5	1	1	2	NA	2	1	5	1	4	3	1	1	2	NA	1	2	NA	5	1	1	1	1	1	1	4	2	2	1	3	2	2	2
Ceratophrys calcarata_04	3	1	1	2	2	2	1	2	2	2	2	1	2	3	2	1	1	1	1	3	2	2	1	1	3	NA	NA	1	1	2	4	2	4	1	NA	8	5	5	5	1	1	2	NA	2	1	5	1	4	3	1	1	2	NA	1	2	NA	5	1	1	1	1	1	1	4	2	2	1	3	2	2	2
Ceratophrys calcarata_05	3	1	1	2	2	2	1	2	2	2	2	1	2	3	2	1	1	1	1	3	2	2	1	1	3	NA	NA	1	1	2	4	2	4	1	NA	8	5	5	5	1	1	2	NA	2	1	5	1	4	3	1	1	2	NA	1	2	NA	5	1	1	1	1	1	1	4	2	2	1	3	2	2	2
Ceratophrys calcarata_06	3	1	1	2	2	2	1	2	2	2	2	1	2	3	2	1	1	1	1	3	2	2	1	1	3	NA	NA	1	1	2	4	2	4	1	NA	8	5	5	5	1	1	2	NA	2	1	5	1	4	3	1	1	2	NA	1	2	NA	5	1	1	1	1	1	1	4	2	2	1	3	2	2	2
Ceratophrys calcarata_07	3	1	1	2	2	2	1	2	2	2	2	1	2	3	2	1	1	1	1	3	2	2	1	1	3	NA	NA	1	1	2	4	2	4	1	NA	8	5	5	5	1	1	2	NA	2	1	5	1	4	3	1	1	2	NA	1	2	NA	5	1	1	1	1	1	1	4	2	2	1	3	2	2	2
Ceratophrys calcarata_08	3	1	1	2	2	2	1	2	2	2	2	1	2	3	2	1	1	1	1	3	2	2	1	1	3	NA	NA	1	1	2	4	2	4	1	NA	8	5	5	5	1	1	2	NA	2	1	5	1	4	3	1	1	2	NA	1	2	NA	5	1	1	1	1	1	1	4	2	2	1	3	2	2	2
Ceratophrys calcarata_09	3	1	1	2	2	2	1	2	2	2	2	1	2	3	2	1	1	1	1	3	2	2	1	1	3	NA	NA	1	1	2	4	2	4	1	NA	8	5	5	5	1	1	2	NA	2	1	5	1	4	3	1	1	2	NA	1	2	NA	5	1	1	1	1	1	1	4	2	2	1	3	2	2	2
Ceratophrys calcarata_10	3	1	1	2	2	2	1	2	2	2	2	1	2	3	2	1	1	1	1	3	2	2	1	1	3	NA	NA	1	1	2	4	2	4	1	NA	8	5	5	5	1	1	2	NA	2	1	5	1	4	3	1	1	2	NA	1	2	NA	5	1	1	1	1	1	1	4	2	2	1	3	2	2	2
Cryptobatrachus fuhrmanni_01	2	1	2	3	2	1	1	2	1	1	2	1	2	1	3	1	1	1	1	3	1	1	2	1	1	1	2	5	1	2	4	2	1	2	3	8	5	5	5	1	1	1	2	Indistinguible	3	5	1	4	3	1	1	2	NA	1	2	2	1	3	3	2	2	1	1	4	2	3	1	3	2	2	2
Lithobates vaillantii_01	3	2	2	3	2	2	1	3	1	1	2	1	2	1	1	1	1	1	1	3	3	2	2	1	1	2	1	1	1	2	4	2	4	1	NA	7	5	5	5	1	1	2	NA	4	1	5	5	4	1	1	1	2	NA	1	2	NA	2	2	2	2	2	1	1	4	1	3	1	3	2	2	2
Lithobates vaillantii_02	3	2	2	3	2	2	1	3	1	1	2	1	2	1	1	1	1	1	1	3	3	2	2	1	1	2	1	1	1	2	4	2	4	1	NA	7	5	5	5	1	1	2	NA	4	1	5	5	4	1	1	1	2	NA	1	2	NA	2	2	2	2	2	1	1	4	1	3	1	3	2	2	2
Lithobates vaillantii_03	3	2	2	3	2	2	1	3	1	1	2	1	2	1	1	1	1	1	1	3	3	2	2	1	1	2	1	1	1	2	4	2	4	1	NA	7	5	5	5	1	1	2	NA	4	1	5	5	4	1	1	1	2	NA	1	2	NA	2	2	2	2	2	1	1	4	1	3	1	3	2	2	2
Lithobates vaillantii_04	3	2	2	3	2	2	1	3	1	1	2	1	2	1	1	1	1	1	1	3	3	2	2	1	1	2	1	1	1	2	4	2	4	1	NA	7	5	5	5	1	1	2	NA	4	1	5	5	4	1	1	1	2	NA	1	2	NA	2	2	2	2	2	1	1	4	1	3	1	3	2	2	2
Lithobates vaillantii_05	3	2	2	3	2	2	1	3	1	1	2	1	2	1	1	1	1	1	1	3	3	2	2	1	1	2	1	1	1	2	4	2	4	1	NA	7	5	5	5	1	1	2	NA	4	1	5	5	4	1	1	1	2	NA	1	2	NA	2	2	2	2	2	1	1	4	1	3	1	3	2	2	2
Lithobates vaillantii_06	3	2	2	3	2	2	1	3	1	1	2	1	2	1	1	1	1	1	1	3	3	2	2	1	1	2	1	1	1	2	4	2	4	1	NA	7	5	5	5	1	1	2	NA	4	1	5	5	4	1	1	1	2	NA	1	2	NA	2	2	2	2	2	1	1	4	1	3	1	3	2	2	2
Lithobates vaillantii_07	3	2	2	3	2	2	1	3	1	1	2	1	2	1	1	1	1	1	1	3	3	2	2	1	1	2	1	1	1	2	4	2	4	1	NA	7	5	5	5	1	1	2	NA	4	1	5	5	4	1	1	1	2	NA	1	2	NA	2	2	2	2	2	1	1	4	1	3	1	3	2	2	2
Lithobates vaillantii_08	3	2	2	3	2	2	1	3	1	1	2	1	2	1	1	1	1	1	1	3	3	2	2	1	1	2	1	1	1	2	4	2	4	1	NA	7	5	5	5	1	1	2	NA	4	1	5	5	4	1	1	1	2	NA	1	2	NA	2	2	2	2	2	1	1	4	1	3	1	3	2	2	2
Lithobates vaillantii_09	3	2	2	3	2	2	1	3	1	1	2	1	2	1	1	1	1	1	1	3	3	2	2	1	1	2	1	1	1	2	4	2	4	1	NA	7	5	5	5	1	1	2	NA	4	1	5	5	4	1	1	1	2	NA	1	2	NA	2	2	2	2	2	1	1	4	1	3	1	3	2	2	2
Lithobates vaillantii_10	3	2	2	3	2	2	1	3	1	1	2	1	2	1	1	1	1	1	1	3	3	2	2	1	1	2	1	1	1	2	4	2	4	1	NA	7	5	5	5	1	1	2	NA	4	1	5	5	4	1	1	1	2	NA	1	2	NA	2	2	2	2	2	1	1	4	1	3	1	3	2	2	2
Elachistocleis panamensis_01	1	1	2	3	2	1	2	3	1	1	2	1	2	1	3	1	1	2	2	NA	1	2	1	1	3	NA	NA	1	1	2	4	2	4	1	NA	1	5	5	5	1	1	2	NA	6	1	5	5	4	1	1	1	2	NA	1	2	NA	5	1	1	1	1	1	2	4	1	1	1	3	2	2	2
Elachistocleis panamensis_02	1	1	2	3	2	1	2	3	1	1	2	1	2	1	3	1	1	2	2	NA	1	2	1	1	3	NA	NA	1	1	2	4	2	4	1	NA	1	5	5	5	1	1	2	NA	6	1	5	5	4	1	1	1	2	NA	1	2	NA	5	1	1	1	1	1	2	4	1	1	1	3	2	2	2
Elachistocleis panamensis_03	1	1	2	3	2	1	2	3	1	1	2	1	2	1	3	1	1	2	2	NA	1	2	1	1	3	NA	NA	1	1	2	4	2	4	1	NA	1	5	5	5	1	1	2	NA	6	1	5	5	4	1	1	1	2	NA	1	2	NA	5	1	1	1	1	1	2	4	1	1	1	3	2	2	2
Elachistocleis panamensis_04	1	1	2	3	2	1	2	3	1	1	2	1	2	1	3	1	1	2	2	NA	1	2	1	1	3	NA	NA	1	1	2	4	2	4	1	NA	1	5	5	5	1	1	2	NA	6	1	5	5	4	1	1	1	2	NA	1	2	NA	5	1	1	1	1	1	2	4	1	1	1	3	2	2	2
Elachistocleis panamensis_05	1	1	2	3	2	1	2	3	1	1	2	1	2	1	3	1	1	2	2	NA	1	2	1	1	3	NA	NA	1	1	2	4	2	4	1	NA	1	5	5	5	1	1	2	NA	6	1	5	5	4	1	1	1	2	NA	1	2	NA	5	1	1	1	1	1	2	4	1	1	1	3	2	2	2
Ctenophryne aterrima_01	2	1	2	3	2	1	2	3	1	1	2	1	2	1	2	1	1	2	2	NA	3	2	2	1	3	NA	NA	1	1	2	4	2	4	1	NA	1	5	5	5	1	1	2	NA	6	1	5	5	4	1	1	1	2	NA	1	2	NA	5	1	1	1	1	2	2	4	1	1	1	3	2	2	2
Rhinella marina_01	3	2	1	1	4	4	1	2	1	1	2	1	2	4	1	1	1	1	1	3	2	2	1	1	3	NA	NA	2	1	2	4	2	3	1	NA	10	5	5	5	1	1	1	2	1	1	5	1	4	1	1	1	1	1	1	1	NA	5	2	1	1	1	1	1	3	1	5	5	3	2	2	2
Rhinella marina_02	3	2	1	1	4	4	1	2	1	1	2	1	2	4	1	1	1	1	1	3	2	2	1	1	3	NA	NA	2	1	2	4	2	3	1	NA	10	5	5	5	1	1	1	2	1	1	5	1	4	1	1	1	1	1	1	1	NA	5	2	1	1	1	1	1	3	1	5	5	3	2	2	2
Rhinella marina_03	3	2	1	1	4	4	1	2	1	1	2	1	2	4	1	1	1	1	1	3	2	2	1	1	3	NA	NA	2	1	2	4	2	3	1	NA	10	5	5	5	1	1	1	2	1	1	5	1	4	1	1	1	1	1	1	1	NA	5	2	1	1	1	1	1	3	1	5	5	3	2	2	2
Rhinella marina_04	3	2	1	1	4	4	1	2	1	1	2	1	2	4	1	1	1	1	1	3	2	2	1	1	3	NA	NA	2	1	2	4	2	3	1	NA	10	5	5	5	1	1	1	2	1	1	5	1	4	1	1	1	1	1	1	1	NA	5	2	1	1	1	1	1	3	1	5	5	3	2	2	2
Rhinella marina_05	3	2	1	1	4	4	1	2	1	1	2	1	2	4	3	1	1	1	1	3	2	2	1	1	3	NA	NA	2	1	2	4	2	3	1	NA	10	5	5	5	1	1	1	2	1	1	5	1	4	1	1	1	1	1	1	1	NA	5	2	1	1	1	1	1	3	1	5	5	3	2	2	2
Rhinella marina_06	3	2	1	1	4	4	1	2	1	1	2	1	2	4	2	1	1	1	1	3	2	2	1	1	3	NA	NA	2	1	2	4	2	3	1	NA	10	5	5	5	1	1	1	2	1	1	5	1	4	1	1	1	1	1	1	1	NA	5	2	1	1	1	1	1	3	1	5	5	3	2	2	2
Rhinella marina_07	3	2	1	1	4	4	1	2	1	1	2	1	2	4	2	1	1	1	1	3	2	2	1	1	3	NA	NA	2	1	2	4	2	3	1	NA	10	5	5	5	1	1	1	2	1	1	5	1	4	1	1	1	1	1	1	1	NA	5	2	1	1	1	1	1	3	1	5	5	3	2	2	2
Rhinella marina_08	3	2	1	1	4	4	1	2	1	1	2	1	2	4	2	1	1	1	1	3	2	2	1	1	3	NA	NA	2	1	2	4	2	3	1	NA	10	5	5	5	1	1	1	2	1	1	5	1	4	1	1	1	1	1	1	1	NA	5	2	1	1	1	1	1	3	1	5	5	3	2	2	2
Rhinella marina_09	3	2	1	1	4	4	1	2	1	1	2	1	2	4	2	1	1	1	1	3	2	2	1	1	3	NA	NA	2	1	2	4	2	3	1	NA	10	5	5	5	1	1	1	2	1	1	5	1	4	1	1	1	1	1	1	1	NA	5	2	1	1	1	1	1	3	1	5	5	3	2	2	2
Rhinella marina_10	3	2	1	1	4	4	1	2	1	1	2	1	2	4	2	1	1	1	1	3	2	2	1	1	3	NA	NA	2	1	2	4	2	3	1	NA	10	5	5	5	1	1	1	2	1	1	5	1	4	1	1	1	1	1	1	1	NA	5	2	1	1	1	1	1	3	1	5	5	3	2	2	2
Rhinella margaritifera_01	2	2	1	1	3	2	1	2	1	1	2	1	2	4	3	1	1	1	1	3	2	2	1	1	3	NA	NA	1	1	2	4	2	4	1	NA	5	1	1	1	1	1	1	1	1	1	5	3	3	3	1	1	1	1	1	1	NA	2	3	3	1	1	1	1	3	1	4	3	3	2	2	2
Rhinella margaritifera_02	2	2	1	1	3	2	1	2	1	1	2	1	2	4	3	1	1	1	1	3	2	2	1	1	3	NA	NA	1	1	2	4	2	4	1	NA	5	1	1	1	1	1	1	1	1	1	5	3	3	3	1	1	1	1	1	1	NA	2	2	2	1	1	1	1	3	1	4	3	3	2	2	2
Rhinella margaritifera_03	2	2	1	1	3	2	1	2	1	1	2	1	2	4	2	1	1	1	1	3	2	2	1	1	3	NA	NA	1	1	2	4	2	4	1	NA	5	1	1	1	1	1	1	1	1	1	5	3	3	3	1	1	1	1	1	1	NA	2	2	2	1	1	1	1	3	1	4	3	3	2	2	2
Rhinella margaritifera_04	1	2	1	1	3	2	1	2	1	1	2	1	2	4	2	1	1	1	1	3	2	2	1	1	3	NA	NA	1	1	2	4	2	4	1	NA	5	1	1	1	1	1	1	1	1	1	5	3	3	3	1	1	1	1	1	1	NA	2	2	2	1	1	1	1	3	1	4	3	3	2	2	2
Rhinella margaritifera_05	2	2	1	1	3	2	1	2	1	1	2	1	2	4	3	1	1	1	1	3	2	2	1	1	3	NA	NA	1	1	2	4	2	4	1	NA	5	1	1	1	1	1	1	1	1	1	5	3	3	3	1	1	1	1	1	1	NA	2	2	2	1	1	1	1	3	1	4	3	3	2	2	2
Rhinella margaritifera_06	2	2	1	1	3	2	1	2	1	1	2	1	2	4	2	1	1	1	1	3	2	2	1	1	3	NA	NA	1	1	2	4	2	4	1	NA	5	1	1	1	1	1	1	1	1	1	5	3	3	3	1	1	1	1	1	1	NA	2	2	2	1	1	1	1	3	1	4	3	3	2	2	2
Rhinella margaritifera_07	2	2	1	1	3	2	1	2	1	1	2	1	2	4	1	1	1	1	1	3	2	2	1	1	3	NA	NA	1	1	2	4	2	4	1	NA	5	1	1	1	1	1	1	1	1	1	5	3	3	3	1	1	1	1	1	1	NA	2	2	2	1	1	1	1	3	1	4	3	3	2	2	2
Rhinella margaritifera_08	1	2	1	1	3	2	1	2	1	1	2	1	2	4	2	1	1	1	1	3	2	2	1	1	3	NA	NA	1	1	2	4	2	4	1	NA	5	1	1	1	1	1	1	1	1	1	5	3	3	3	1	1	1	1	1	1	NA	2	2	2	1	1	1	1	3	1	4	3	3	2	2	2
Rhinella margaritifera_09	2	2	1	1	3	2	1	2	1	1	2	1	2	4	2	1	1	1	1	3	2	2	1	1	3	NA	NA	1	1	2	4	2	4	1	NA	5	1	1	1	1	1	1	1	1	1	5	3	3	3	1	1	1	1	1	1	NA	2	2	2	1	1	1	1	3	1	4	3	3	2	2	2
Rhinella margaritifera_10	1	2	1	1	3	2	1	2	1	1	2	1	2	4	3	1	1	1	1	3	2	2	1	1	3	NA	NA	1	1	2	4	2	4	1	NA	5	1	1	1	1	1	1	1	1	1	5	3	3	3	1	1	1	1	1	1	NA	2	2	2	1	1	1	1	3	1	4	3	3	2	2	2
Rhinella humboldti_01	1	2	1	1	2	1	1	2	1	1	2	1	2	3	3	1	1	1	1	3	2	2	1	1	3	NA	NA	2	1	1	4	2	4	1	NA	5	5	5	5	1	1	1	1	1	1	5	5	4	3	1	1	1	1	1	1	NA	2	1	1	1	1	2	1	3	2	5	6	3	2	2	2
Rhinella humboldti_02	1	2	1	1	2	1	1	2	1	1	2	1	2	3	3	1	1	1	1	3	2	2	1	1	3	NA	NA	2	1	1	4	2	4	1	NA	5	5	5	5	1	1	1	1	1	1	5	5	4	3	1	1	1	1	1	1	NA	2	1	1	1	1	2	1	3	2	5	6	3	2	2	2
Rhinella humboldti_03	2	2	1	1	2	1	1	2	1	1	2	1	2	3	2	1	1	1	1	3	2	2	1	1	3	NA	NA	2	1	1	4	2	4	1	NA	5	5	5	5	1	1	1	1	1	1	5	5	4	3	1	1	1	1	1	1	NA	2	1	1	1	1	2	1	3	2	5	6	3	2	2	2
Rhinella humboldti_04	1	2	1	1	2	1	1	2	1	1	2	1	2	3	3	1	1	1	1	3	2	2	1	1	3	NA	NA	2	1	1	4	2	4	1	NA	5	5	5	5	1	1	1	1	1	1	5	5	4	3	1	1	1	1	1	1	NA	2	1	1	1	1	2	1	3	2	5	6	3	2	2	2
Rhinella humboldti_05	1	2	1	1	2	1	1	2	1	1	2	1	2	3	3	1	1	1	1	3	2	2	1	1	3	NA	NA	2	1	1	4	2	4	1	NA	5	5	5	5	1	1	1	1	1	1	5	5	4	3	1	1	1	1	1	1	NA	2	1	1	1	1	2	1	3	2	5	6	3	2	2	2
Rhinella humboldti_06	1	2	1	1	2	1	1	2	1	1	2	1	2	3	2	1	1	1	1	3	2	2	1	1	3	NA	NA	2	1	1	4	2	4	1	NA	5	5	5	5	1	1	1	1	1	1	5	5	4	3	1	1	1	1	1	1	NA	2	1	1	1	1	2	1	3	2	5	6	3	2	2	2
Rhinella humboldti_07	1	2	1	1	2	1	1	2	1	1	2	1	2	3	3	1	1	1	1	3	2	2	1	1	3	NA	NA	2	1	1	4	2	4	1	NA	5	5	5	5	1	1	1	1	1	1	5	5	4	3	1	1	1	1	1	1	NA	2	1	1	1	1	2	1	3	2	5	6	3	2	2	2
Rhinella humboldti_08	1	2	1	1	2	1	1	2	1	1	2	1	2	3	2	1	1	1	1	3	2	2	1	1	3	NA	NA	2	1	1	4	2	4	1	NA	5	5	5	5	1	1	1	1	1	1	5	5	4	3	1	1	1	1	1	1	NA	2	1	1	1	1	2	1	3	2	5	6	3	2	2	2
Rhinella humboldti_09	1	2	1	1	2	1	1	2	1	1	2	1	2	3	2	1	1	1	1	3	2	2	1	1	3	NA	NA	2	1	1	4	2	4	1	NA	5	5	5	5	1	1	1	1	1	1	5	5	4	3	1	1	1	1	1	1	NA	2	1	1	1	1	2	1	3	2	5	6	3	2	2	2
Rhinella humboldti_10	1	2	1	1	2	1	1	2	1	1	2	1	2	3	2	1	1	1	1	3	2	2	1	1	3	NA	NA	2	1	1	4	2	4	1	NA	5	5	5	5	1	1	1	1	1	1	5	5	4	3	1	1	1	1	1	1	NA	2	1	1	1	1	2	1	3	2	5	6	3	2	2	2
Rhaebo haematiticus_01	1	3	1	3	3	2	1	2	1	1	2	1	2	4	2	1	1	1	1	3	2	2	1	1	3	NA	NA	2	1	1	4	2	4	1	NA	10	5	5	5	1	1	1	2	2	1	5	1	3	1	1	1	2	NA	1	1	NA	5	1	1	1	1	2	1	4	2	1	2	3	2	2	2
Rhaebo haematiticus_02	1	3	1	3	3	2	1	2	1	1	2	1	2	4	2	1	1	1	1	3	2	2	1	1	3	NA	NA	2	1	1	4	2	4	1	NA	10	5	5	5	1	1	1	2	1	1	5	1	3	1	1	1	2	NA	1	1	NA	5	1	1	1	1	2	1	3	2	1	2	3	2	2	2
Rhaebo haematiticus_03	1	3	1	3	3	2	1	2	1	1	2	1	2	4	2	1	1	1	1	3	2	2	1	1	3	NA	NA	2	1	1	4	2	4	1	NA	10	5	5	5	1	1	1	2	1	1	5	1	3	1	1	1	2	NA	1	1	NA	5	1	1	1	1	2	1	3	2	1	2	3	2	2	2
Rhaebo haematiticus_04	1	3	1	3	3	2	1	2	1	1	2	1	2	4	2	1	1	1	1	3	2	2	1	1	3	NA	NA	2	1	1	4	2	4	1	NA	10	5	5	5	1	1	1	2	1	1	5	1	3	1	1	1	2	NA	1	1	NA	5	1	1	1	1	2	1	3	2	1	2	3	2	2	2
Rhaebo haematiticus_05	1	3	1	3	3	2	1	2	1	1	2	1	2	4	2	1	1	1	1	3	2	2	1	1	3	NA	NA	2	1	1	4	2	4	1	NA	10	5	5	5	1	1	1	2	1	1	5	1	3	1	1	1	2	NA	1	1	NA	5	1	1	1	1	2	1	3	2	1	2	3	2	2	2
Rhaebo haematiticus_06	1	3	1	3	3	2	1	2	1	1	2	1	2	4	2	1	1	1	1	3	2	2	1	1	3	NA	NA	2	1	1	4	2	4	1	NA	10	5	5	5	1	1	1	2	1	1	5	1	3	1	1	1	2	NA	1	1	NA	5	1	1	1	1	2	1	3	2	1	2	3	2	2	2
Rhaebo haematiticus_07	1	3	1	3	3	2	1	2	1	1	2	1	2	4	2	1	1	1	1	3	2	2	1	1	3	NA	NA	2	1	1	4	2	4	1	NA	10	5	5	5	1	1	1	2	1	1	5	1	3	1	1	1	2	NA	1	1	NA	5	1	1	1	1	2	1	3	2	1	2	3	2	2	2
Rhaebo haematiticus_08	1	3	1	3	3	2	1	2	1	1	2	1	2	4	2	1	1	1	1	3	2	2	1	1	3	NA	NA	2	1	1	4	2	4	1	NA	10	5	5	5	1	1	1	2	1	1	5	1	3	1	1	1	2	NA	1	1	NA	5	1	1	1	1	2	1	3	2	1	2	3	2	2	2
Rhaebo haematiticus_09	1	3	1	3	3	2	1	2	1	1	2	1	2	4	2	1	1	1	1	3	2	2	1	1	3	NA	NA	2	1	1	4	2	4	1	NA	10	5	5	5	1	1	1	2	1	1	5	1	3	1	1	1	2	NA	1	1	NA	5	1	1	1	1	2	1	3	2	1	2	3	2	2	2
Gastroteca nicefori _01	3	1	2	3	2	1	1	2	1	1	2	1	2	1	1	2	1	1	1	3	1	1	2	2	1	1	1	2	1	2	4	2	4	2	2	1	5	5	5	1	1	1	2	4	1	5	1	4	1	1	1	1	1	1	2	2	2	1	1	1	1	1	1	4	2	1	3	3	2	2	2
Gastroteca nicefori _02	3	2	2	3	2	1	1	2	1	1	2	1	2	1	1	2	1	1	1	3	1	1	2	2	2	1	1	2	1	2	4	2	4	2	2	1	1	1	1	1	2	1	2	4	1	5	1	4	1	1	1	1	1	1	2	2	2	1	1	1	1	1	1	4	2	1	3	3	2	2	2
Gastroteca nicefori _03	3	2	2	3	2	1	1	2	1	1	2	1	2	1	1	2	1	1	1	3	1	1	2	2	2	1	1	2	1	2	4	2	4	2	2	1	5	5	5	1	1	1	2	4	1	5	1	4	1	1	1	1	1	1	2	2	2	1	1	1	1	1	1	4	2	1	3	3	2	2	2
Atelopus monohernandezi_01	1	3	1	1	3	2	2	2	1	2	2	1	2	2	1	2	1	2	2	NA	3	2	2	1	3	NA	NA	1	1	1	4	2	4	1	NA	1	2	1	1	1	1	2	NA	1	3	5	5	4	1	1	1	2	NA	1	1	NA	7	3	2	2	2	1	1	4	2	1	6	3	2	2	2
Nymphargus griffithsi_01	1	2	1	3	2	4	1	2	1	1	2	1	2	1	2	2	1	1	1	3	1	1	1	2	1	5	2	3	1	1	4	2	4	3	2	1	5	5	5	1	2	1	NA	2	1	5	5	4	1	1	1	2	NA	1	2	2	2	1	2	1	1	1	1	4	2	1	3	2	2	2	2
Nymphargus griffithsi_02	1	2	1	3	2	4	1	2	1	1	2	1	2	1	2	2	1	1	1	3	1	1	1	2	1	5	2	3	1	1	4	2	4	3	2	1	5	5	1	1	2	1	2	2	1	5	5	4	1	1	1	2	NA	1	2	2	2	1	2	1	1	1	1	4	2	1	3	2	2	2	2
Nymphargus griffithsi_03	1	2	1	3	2	4	1	2	1	1	2	1	2	1	2	2	1	1	1	3	1	1	1	2	3	NA	NA	1	1	1	4	2	4	3	2	1	5	5	1	1	2	1	2	2	1	5	5		1	1	1	2	NA	1	2	2	2	1	2	1	1	1	1	4	2	1	3	2	2	2	2
Hyalinobatrachium fleischmanni_01	1	2	1	3	1	4	1	2	1	1	2	1	2	1	2	2	1	2	2	NA	3	2	2	1	3	NA	NA	1	1	1	4	2	4	3	NA	8	5	1	2	1	2	1	2	1	1	5	5	4	3	1	1	2	NA	1	1	2	1	2	2	2	2	1	1	4	2	1	3	1	2	2	2
Hyalinobatrachium fleischmanni_02	1	2	1	3	1	4	1	2	1	1	2	1	2	1	2	2	1	2	2	NA	1	2	2	1	3	NA	NA	4	1	2	4	2	4	3	NA	8	5	1	2	1	2	1	2	1	1	5	5	4	3	1	1	2	NA	1	1	2	1	2	2	2	2	1	1	4	2	1	3	1	2	2	2
Hyalinobatrachium fleischmanni_03	1	2	1	3	1	4	1	2	1	1	2	1	2	1	2	2	1	2	2	NA	1	2	2	1	3	NA	NA	4	1	2	4	2	4	3	NA	8	5	1	2	1	2	1	2	1	1	5	5	4	3	1	1	2	NA	1	1	2	1	2	2	2	2	1	1	4	2	1	3	1	2	2	2
Hyalinobatrachium fleischmanni_04	1	2	1	3	1	4	1	2	1	1	2	1	2	1	2	2	1	2	2	NA	1	2	2	1	3	NA	NA	4	1	2	4	2	4	3	NA	8	5	1	2	1	2	1	2	1	1	5	5	4	3	1	1	2	NA	1	1	2	1	2	2	2	2	1	1	4	2	1	3	1	2	2	2
Hyalinobatrachium fleischmanni_05	1	2	1	3	1	4	1	2	1	1	2	1	2	1	2	2	1	2	2	NA	1	2	2	1	3	NA	NA	4	1	2	4	2	4	3	NA	8	5	1	2	1	2	1	2	1	1	5	5	4	3	1	1	2	NA	1	1	2	1	2	2	2	2	1	1	4	2	1	3	1	2	2	2
Hyalinobatrachium fleischmanni_06	1	2	1	3	1	4	1	2	1	1	2	1	2	1	2	2	1	2	2	NA	1	2	2	1	3	NA	NA	4	1	2	4	2	4	3	NA	8	5	1	2	1	2	1	2	1	1	5	5	4	3	1	1	2	NA	1	1	2	1	2	2	2	2	1	1	4	2	1	3	1	2	2	2
Hyalinobatrachium fleischmanni_07	1	2	1	3	1	4	1	2	1	1	2	1	2	1	2	2	1	2	2	NA	1	2	2	1	3	NA	NA	4	1	2	4	2	4	3	NA	8	5	1	2	1	2	1	2	1	1	5	5	4	3	1	1	2	NA	1	1	2	1	2	2	2	2	1	1	4	2	1	3	1	2	2	2
Hyalinobatrachium fleischmanni_08	1	2	1	3	1	4	1	2	1	1	2	1	2	1	2	2	1	2	2	NA	1	2	2	1	3	NA	NA	4	1	2	4	2	4	3	NA	8	5	1	2	1	2	1	2	1	1	5	5	4	3	1	1	2	NA	1	1	2	1	2	2	2	2	1	1	4	2	1	3	1	2	2	2
Hyalinobatrachium fleischmanni_09	1	2	1	3	1	4	1	2	1	1	2	1	2	1	2	2	1	2	2	NA	1	2	2	1	3	NA	NA	4	1	2	4	2	4	3	NA	8	5	1	2	1	2	1	2	1	1	5	5	4	3	1	1	2	NA	1	1	2	1	2	2	2	2	1	1	4	2	1	3	1	2	2	2
Hyalinobatrachium fleischmanni_10	1	2	1	3	1	4	1	2	1	1	2	1	2	1	2	2	1	2	2	NA	1	2	2	1	3	NA	NA	4	1	2	4	2	4	3	NA	8	5	1	2	1	2	1	2	1	1	5	5	4	3	1	1	2	NA	1	1	2	1	2	2	2	2	1	1	4	2	1	3	1	2	2	2
Rulyrana adiazeta_01	1	2	1	3	1	4	1	2	1	1	2	1	2	1	2	2	1	1	1	3	1	1	2	1	1	2	1	3	1	2	4	2	4	3	1	8	1	1	2	1	2	1	2	2	1	5	5	1	3	1	1	2	NA	1	2	3	1	3s	3s	3s	3s	1	1	4	2	1	3	2	2	2	2
Rulyrana adiazeta_02	1	2	1	3	1	4	1	2	1	1	2	1	2	1	2	2	1	1	1	3	1	1	2	1	1	2	1	3	1	2	4	2	4	3	1	8	1	1	2	1	2	1	2	2	1	5	5	1	3	1	1	2	NA	1	2	3	1	3s	3s	3s	3s	1	1	4	2	1	3	2	2	2	2
Rulyrana adiazeta_03	1	2	1	3	1	4	1	2	1	1	2	1	2	1	2	2	1	1	1	3	1	1	2	1	1	2	1	3	1	2	4	2	4	3	1	8	1	1	2	1	2	1	2	2	1	5	5	1	3	1	1	2	NA	1	2	3	1	3s	3s	3s	3s	1	1	4	2	1	3	2	2	2	2
Rulyrana adiazeta_04	1	2	1	3	1	4	1	2	1	1	2	1	2	1	2	2	1	1	1	3	1	1	2	1	1	2	1	3	1	2	4	2	4	3	1	8	1	1	2	1	2	1	2	2	1	5	5	1	3	1	1	2	NA	1	2	3	1	3s	3s	3s	3s	1	1	4	2	1	3	2	2	2	2
Rulyrana adiazeta_05	1	2	1	3	1	4	1	2	1	1	2	1	2	1	2	2	1	1	1	3	1	1	2	1	1	2	1	3	1	2	4	2	4	3	1	8	1	1	2	1	2	1	2	2	1	5	5	1	3	1	1	2	NA	1	2	3	1	3s	3s	3s	3s	1	1	4	2	1	3	2	2	2	2
Espadarana andina_01	1	2	1	3	1	4	1	2	1	1	2	1	2	1	2	2	1	1	1	3	1	1	2	1	1	2	1	3	1	1	4	1	4	3	2	8	1	1	2	1	1	1	2	1	1	5	5	4	3	1	1	2	NA	1	2	2	1	2	2	2	2	1	1	4	2	1	3	2	1	2	2
Espadarana andina_02	1	2	1	3	1	4	1	2	1	1	2	1	2	1	2	2	1	1	1	3	1	1	1	1	1	2	1	3	1	1	4	1	4	3	2	8	1	1	2	1	1	1	2	1	1	5	5	4	3	1	1	2	NA	1	2	2	1	2	2	2	2	1	1	4	2	1	3	2	1	2	2
Centrolene buckleyi_01	1	2	1	3	1	1	1	2	1	1	2	1	2	1	2	2	1	1	1	3	1	1	2	1	3	NA	NA	1	1	1	4	1	4	3	2	8	5	5	5	1	1	1	2	2	1	5	1	1	Presente 	1	1	1	1	1	2	2	1	2	2	2	2	1	1	4	2	1	3	1	2	2	2
Centrolene buckleyi_02	2	2	1	3	1	1	1	2	1	1	2	1	2	1	2	2	1	1	1	3	1	1	2	1	3	NA	NA	1	1	1	4	1	4	3	2	8	5	5	5	1	1	1	2	2	1	5	1	1	Presente 	1	1	1	1	1	2	2	1	2	2	2	2	1	1	4	2	1	3	1	2	2	2
Craugastor raniformis _01	2	2	2	3	2	1	2	1	1	1	2	1	2	1	2	1	1	1	1	3	1	1	2	1	1	1	2	3	1	1	4	2	4	3	3	12	5	5	5	1	1	2	NA	6	1	5	1	4	1	1	1	2	NA	1	1	2	5	2	1	1	1	1	1	4	2	1	3	3	2	2	2
Craugastor raniformis _02	2	2	2	3	2	1	2	1	1	1	2	1	2	1	2	1	1	1	1	3	1	1	2	1	1	1	2	3	1	1	4	2	4	3	3	12	5	5	5	1	1	2	NA	6	1	5	1	4	1	1	1	2	NA	1	1	2	5	2	1	1	1	1	1	4	2	1	3	3	2	2	2
Craugastor longirostris_01	2	2	2	3	3	1	1	2	1	1	2	1	2	1	2	1	1	1	1	3	1	1	2	1	1	1	2	1	1	1	4	2	4	3	3	12	1	1	1	1	1	2	NA	4	1	5	1	4	1	1	1	2	NA	1	1	2	5	1	1	1	1	1	1	4	2	1	3	3	2	2	2
Craugastor longirostris_02	2	2	2	3	4	4	1	2	1	1	2	1	2	1	2	1	1	1	1	3	1	1	2	1	1	1	2	1	1	1	4	2	4	3	3	12	1	1	1	1	1	2	NA	4	1	5	1	4	1	1	1	2	NA	1	1	2	5	1	1	1	1	1	1	4	2	1	3	3	2	2	2
Craugastor longirostris_03	2	2	2	3	4	4	1	2	1	1	2	1	2	1	2	1	1	1	1	3	1	1	2	1	1	1	2	1	1	1	4	2	4	3	3	12	1	1	1	1	1	2	NA	4	1	5	1	4	1	1	1	2	NA	1	1	2	5	1	1	1	1	1	1	4	2	1	3	3	2	2	2
Craugastor longirostris_04	2	2	2	3	4	4	1	2	1	1	2	1	2	1	2	1	1	1	1	3	1	1	2	1	1	1	2	1	1	1	4	2	4	3	3	12	1	1	1	1	1	2	NA	4	1	5	1	4	1	1	1	2	NA	1	1	2	5	1	1	1	1	1	1	4	2	1	3	3	2	2	2
Craugastor longirostris_05	2	2	2	3	4	4	1	2	1	1	2	1	2	1	2	1	1	1	1	3	1	1	2	1	1	1	2	1	1	1	4	2	4	3	3	12	1	1	1	1	1	2	NA	4	1	5	1	4	1	1	1	2	NA	1	1	2	5	1	1	1	1	1	1	4	2	1	3	3	2	2	2
Craugastor longirostris_06	2	2	2	3	4	4	1	2	1	1	2	1	2	1	2	1	1	1	1	3	1	1	2	1	1	1	2	1	1	1	4	2	4	3	3	12	1	1	1	1	1	2	NA	4	1	2	1	4	1	1	1	2	NA	1	1	2	5	1	1	1	1	1	1	4	2	1	3	3	2	2	2
Craugastor longirostris_07	2	2	2	3	4	4	1	2	1	1	2	1	2	1	2	1	1	1	1	3	1	1	2	1	1	1	2	1	1	1	4	2	4	3	3	12	1	1	1	1	1	2	NA	4	1	2	1	4	1	1	1	2	NA	1	1	2	5	1	1	1	1	1	1	4	2	1	3	3	2	2	2
Craugastor longirostris_08	1	2	2	3	4	4	1	2	1	1	2	1	2	1	2	1	1	1	1	3	1	1	2	1	1	1	2	1	1	1	4	2	4	3	3	12	1	1	1	1	1	2	NA	4	1	2	1	4	1	1	1	2	NA	1	1	2	5	1	1	1	1	1	1	4	2	1	3	3	2	2	2
Craugastor longirostris_09	1	2	2	3	4	4	1	2	1	1	2	1	2	1	2	1	1	1	1	3	1	1	2	1	1	1	2	1	1	1	4	2	4	3	3	12	1	1	1	1	1	2	NA	4	1	5	1	4	1	1	1	2	NA	1	1	2	5	1	1	1	1	1	1	4	2	1	3	3	2	2	2
Craugastor longirostris_10	2	2	2	3	4	4	1	2	1	1	2	1	2	1	2	1	1	1	1	3	1	1	2	1	1	1	2	1	1	1	4	2	4	3	3	12	1	1	1	1	1	2	NA	4	1	5	1	4	1	1	1	2	NA	1	1	2	5	1	1	1	1	1	1	4	2	1	3	3	2	2	2
Pristimantis gaigeae_01	1	2	2	3	2	1	1	2	1	1	2	1	2	1	2	1	1	1	1	3	1	1	1	1	1	3	2	5	1	1	4	2	4	3	3	7	5	5	5	1	1	2	NA	4	1	5	5	4	3	1	1	2	NA	1	1	2	1	1	1	1	1	1	1	4	2	1	1	3	2	2	2
Pristimantis gaigeae_02	1	2	2	3	2	1	1	2	1	1	2	1	2	1	2	1	1	1	1	3	1	1	1	1	1	3	2	5	1	1	4	2	4	3	3	7	5	5	5	1	1	2	NA	4	1	5	5	4	3	1	1	2	NA	1	1	2	1	1	1	1	1	1	1	4	2	1	1	3	2	2	2
Pristimantis gaigeae_03	1	2	2	3	2	1	1	2	1	1	2	1	2	1	2	1	1	1	1	3	1	1	1	1	1	3	2	5	1	1	4	2	4	3	3	7	5	5	5	1	1	2	NA	4	1	5	5	4	3	1	1	2	NA	1	1	2	1	1	1	1	1	1	1	4	2	1	1	3	2	2	2
Pristimantis gaigeae_04	2	2	2	3	2	1	1	2	1	1	2	1	2	1	2	1	1	1	1	3	1	1	1	1	1	3	2	5	1	1	4	2	4	3	3	7	5	5	5	1	1	2	NA	4	1	5	5	4	3	1	1	2	NA	1	1	2	1	1	1	1	1	1	1	4	2	1	1	3	2	2	2
Pristimantis gaigeae_05	1	2	2	3	2	1	1	2	1	1	2	1	2	1	2	1	1	1	1	3	1	1	1	1	1	3	2	5	1	1	4	2	4	3	3	7	5	5	5	1	1	2	NA	4	1	5	5	4	3	1	1	2	NA	1	1	2	1	1	1	1	1	1	1	4	2	1	1	3	2	2	2
Pristimantis gaigeae_06	1	1	2	3	2	1	1	2	1	1	2	1	2	1	2	1	1	1	1	3	1	1	1	1	1	3	2	5	1	1	4	2	4	3	3	7	5	5	5	1	1	2	NA	4	1	5	5	4	3	1	1	2	NA	1	1	2	1	1	1	1	1	1	1	4	2	1	1	3	2	2	2
Pristimantis gaigeae_07	1	2	2	3	2	1	1	2	1	1	2	1	2	1	2	1	1	1	1	3	1	1	1	1	1	3	2	5	1	1	4	2	4	3	3	7	5	5	5	1	1	2	NA	4	1	5	5	4	3	1	1	2	NA	1	1	2	1	1	1	1	1	1	1	4	2	1	1	3	2	2	2
Pristimantis gaigeae_08	1	2	2	3	2	1	1	2	1	1	2	1	2	1	2	1	1	1	1	3	1	1	1	1	1	3	2	5	1	1	4	2	4	3	3	7	5	5	5	1	1	2	NA	4	1	5	5	4	3	1	1	2	NA	1	1	2	1	1	1	1	1	1	1	4	2	1	1	3	2	2	2
Pristimantis gaigeae_09	1	2	2	3	2	1	1	2	1	1	2	1	2	1	2	1	1	1	1	3	1	1	1	1	1	3	2	5	1	1	4	2	4	3	3	7	5	5	5	1	1	2	NA	4	1	5	5	4	3	1	1	2	NA	1	1	2	1	1	1	1	1	1	1	4	2	1	1	3	2	2	2
Pristimantis gaigeae_10	2	1	2	3	2	1	1	2	1	1	2	1	2	1	2	1	1	1	1	3	1	1	1	1	1	3	2	5	1	1	4	2	4	3	3	7	5	5	5	1	1	2	NA	4	1	5	5	4	3	1	1	2	NA	1	1	2	1	1	1	1	1	1	1	4	2	1	1	3	2	2	2
Pristimantis achatinus_01	2	2	2	3	4	4	1	2	1	1	2	1	2	1	2	1	1	1	1	3	1	1	1	1	1	3	2	2	1	1	4	2	4	3	3	7	5	5	5	1	1	2	NA	4	1	5	1	4	1	1	1	2	NA	1	1	2	1	1	1	1	1	1	1	4	2	1	1	3	2	2	2
Pristimantis achatinus_02	2	2	2	3	4	4	1	2	1	1	2	1	2	1	2	1	1	1	1	3	1	1	1	1	1	3	2	2	1	1	4	2	4	3	3	7	5	5	5	1	1	2	NA	4	1	5	1	4	1	1	1	2	NA	1	1	2	1	1	1	1	1	1	1	4	2	1	1	3	2	2	2
Pristimantis uisae_01	2	2	2	3	2	1	1	2	1	1	2	1	2	1	2	1	1	1	1	3	1	1	1	1	1	3	2	2	1	1	4	2	4	3	3	7	5	5	5	1	1	2	NA	4	1	5	1	4	1	1	1	2	NA	1	1	2	1	1	1	1	1	1	1	4	2	1	1	3	2	2	2
Pristimantis uisae_02	2	2	2	3	2	1	1	2	1	1	2	1	2	1	2	1	1	1	1	3	1	1	1	1	1	3	2	2	1	1	4	2	4	3	3	7	5	5	5	1	1	2	NA	4	1	5	1	4	1	1	1	2	NA	1	1	2	1	1	1	1	1	1	1	4	2	1	1	3	2	2	2
Pristimantis uisae_03	2	2	2	3	2	1	1	2	1	1	2	1	2	1	2	1	1	1	1	3	1	1	1	1	1	3	2	2	1	1	4	2	4	3	3	7	5	5	5	1	1	2	NA	4	1	5	1	4	1	1	1	2	NA	1	1	2	1	1	1	1	1	1	1	4	2	1	1	3	2	2	2
Pristimantis uisae_04	2	2	2	3	2	1	1	2	1	1	2	1	2	1	2	1	1	1	1	3	1	1	1	1	1	3	2	2	1	1	4	2	4	3	3	7	5	5	5	1	1	2	NA	4	1	5	1	4	1	1	1	2	NA	1	1	2	1	1	1	1	1	1	1	4	2	1	1	3	2	2	2
Pristimantis uisae_05	2	2	2	3	2	1	1	2	1	1	2	1	2	1	2	1	1	1	1	3	1	1	1	1	1	3	2	2	1	1	4	2	4	3	3	7	5	5	5	1	1	2	NA	4	1	5	1	4	1	1	1	2	NA	1	1	2	1	1	1	1	1	1	1	4	2	1	1	3	2	2	2
Pristimantis uisae_06	2	2	2	3	2	1	1	2	1	1	2	1	2	1	2	1	1	1	1	3	1	1	1	1	1	3	2	2	1	1	4	2	4	3	3	7	5	5	5	1	1	2	NA	4	1	5	1	4	1	1	1	2	NA	1	1	2	1	1	1	1	1	1	1	4	2	1	1	3	2	2	2
Pristimantis uisae_07	2	2	2	3	2	1	1	2	1	1	2	1	2	1	2	1	1	1	1	3	1	1	1	1	1	3	2	2	1	1	4	2	4	3	3	7	5	5	5	1	1	2	NA	4	1	5	1	4	1	1	1	2	NA	1	1	2	1	1	1	1	1	1	1	4	2	1	1	3	2	2	2
Pristimantis uisae_08	2	2	2	3	2	1	1	2	1	1	2	1	2	1	2	1	1	1	1	3	1	1	1	1	1	3	2	2	1	1	4	2	4	3	3	7	5	5	5	1	1	2	NA	4	1	5	1	4	1	1	1	2	NA	1	1	2	1	1	1	1	1	1	1	4	2	1	1	3	2	2	2
Pristimantis uisae_09	2	2	2	3	2	1	1	2	1	1	2	1	2	1	2	1	1	1	1	3	1	1	1	1	1	3	2	2	1	1	4	2	4	3	3	7	5	5	5	1	1	2	NA	4	1	5	1	4	1	1	1	2	NA	1	1	2	1	1	1	1	1	1	1	4	2	1	1	3	2	2	2
Pristimantis uisae_10	2	2	2	3	2	1	1	2	1	1	2	1	2	1	2	1	1	1	1	3	1	1	1	1	1	3	2	2	1	1	4	2	4	3	3	7	5	5	5	1	1	2	NA	4	1	5	1	4	1	1	1	2	NA	1	1	2	1	1	1	1	1	1	1	4	2	1	1	3	2	2	2
Pristimantis thectopternus_01	1	2	2	3	3	1	1	2	1	1	2	1	2	1	2	1	1	1	1	3	1	2	2	1	1	2	2	2	5	1	4	2	3	3	3	7	1	1	1	1	1	2	NA	4	1	5	5	4	3	1	1	2	NA	1	1	2	1	5	5	5	5	1	1	4	2	5	6	3	2	2	2
Pristimantis taeniatus_01	2	1	2	3	2	1	1	2	1	1	1	1	2	1	2	1	1	1	1	3	1	2	2	1	1	2	2	2	1	1	4	2	4	3	3	1	1	1	1	1	1	2	NA	4	1	5	1	4	3	1	1	2	NA	1	1	2	1	5	5	5	5	1	1	4	2	1	3	3	2	2	2
Pristimantis nicefori_01	1	2	2	3	2	1	1	2	1	1	2	1	2	1	2	1	1	1	1	3	1	2	2	1	1	2	2	2	4	1	4	2	4	3	3	1	5	5	5	1	1	2	NA	4	1	5	1	4	1	1	1	1	2	1	1	2	1	1	1	1	1	1	1	4	2	1	4	3	2	2	2
Pristimantis nicefori_02	2	2	2	3	2	1	1	2	1	1	2	1	2	1	2	1	1	1	1	3	1	2	2	1	1	2	2	2	4	1	4	2	4	3	3	1	5	5	5	1	1	2	NA	4	1	5	1	4	1	1	1	1	2	1	1	2	1	1	1	1	1	1	1	4	2	1	4	3	2	2	2
Pristimantis nicefori_03	2	2	2	3	2	1	1	2	1	1	2	1	2	1	2	1	1	1	1	3	1	2	2	1	1	2	2	2	4	1	4	2	4	3	3	1	5	5	5	1	1	2	NA	4	1	5	1	4	1	1	1	1	2	1	1	2	1	1	1	1	1	1	1	4	2	1	4	3	2	2	2
Pristimantis nicefori_04	2	2	2	3	2	1	1	2	1	1	2	1	2	1	2	1	1	1	1	3	1	2	2	1	1	2	2	2	4	1	4	2	4	3	3	1	5	5	5	1	1	2	NA	4	1	5	1	4	1	1	1	1	2	1	1	2	1	1	1	1	1	1	1	4	2	1	4	3	2	2	2
Pristimantis nicefori_05	1	2	2	3	2	1	1	2	1	1	2	1	2	1	2	1	1	1	1	3	1	2	2	1	1	2	2	2	4	1	4	2	4	3	3	1	5	5	5	1	1	2	NA	4	1	5	1	4	1	1	1	1	2	1	1	2	1	1	1	1	1	1	1	4	2	1	4	3	2	2	2
Pristimantis nicefori_06	1	2	2	3	2	1	1	2	1	1	2	1	2	1	2	1	1	1	1	3	1	2	2	1	1	2	2	2	4	1	4	2	4	3	3	1	5	5	5	1	1	2	NA	4	1	5	1	4	1	1	1	1	2	1	1	2	1	1	1	1	1	1	1	4	2	1	4	3	2	2	2
Pristimantis nicefori_07	1	2	2	3	2	1	1	2	1	1	2	1	2	1	2	1	1	1	1	3	1	2	2	1	1	2	2	2	4	1	4	2	4	3	3	1	5	5	5	1	1	2	NA	4	1	5	1	4	1	1	1	1	2	1	1	2	1	1	1	1	1	1	1	4	2	1	4	3	2	2	2
Pristimantis nicefori_08	1	2	2	3	2	1	1	2	1	1	2	1	2	1	2	1	1	1	1	3	1	2	2	1	1	2	2	2	4	1	4	2	4	3	3	1	5	5	5	1	1	2	NA	4	1	5	1	4	1	1	1	1	2	1	1	2	1	1	1	1	1	1	1	4	2	1	4	3	2	2	2
Pristimantis nicefori_09	1	2	2	3	2	1	1	2	1	1	2	1	2	1	2	1	1	1	1	3	1	2	2	1	1	2	2	2	4	1	4	2	4	3	3	1	5	5	5	1	1	2	NA	4	1	5	1	4	1	1	1	1	2	1	1	2	1	1	1	1	1	1	1	4	2	1	4	3	2	2	2
Pristimantis nicefori_10	1	2	2	3	2	1	1	2	1	1	2	1	2	1	2	1	1	1	1	3	1	2	2	1	1	2	2	2	4	1	4	2	4	3	3	1	5	5	5	1	1	2	NA	4	1	5	1	4	1	1	1	1	2	1	1	2	1	1	1	1	1	1	1	4	2	1	4	3	2	2	2
Pristimantis miyatai_01	2	2	2	3	2	1	1	2	1	1	2	1	2	1	2	1	1	1	1	3	1	2	2	1	1	2	2	2	1	1	4	2	4	3	3	1	5	5	5	1	1	2	NA	4	1	5	5	4	3	1	1	2	NA	1	1	2	1	1	1	1	1	1	1	4	2	3	3	3	2	2	2
Pristimantis miyatai_02	2	2	2	3	2	1	1	2	1	1	2	1	2	1	2	1	1	1	1	3	1	2	2	1	1	2	2	2	1	1	4	2	4	3	3	1	5	5	5	1	1	2	NA	4	1	5	5	4	3	1	1	2	NA	1	1	2	1	1	1	1	1	1	1	4	2	3	3	3	2	2	2
Pristimantis miyatai_03	2	2	2	3	2	1	1	2	1	1	2	1	2	1	2	1	1	1	1	3	1	2	2	1	1	2	2	2	1	1	4	2	4	3	3	1	5	5	5	1	1	2	NA	4	1	5	5	4	3	1	1	2	NA	1	1	2	1	1	1	1	1	1	1	4	2	3	3	3	2	2	2
Pristimantis miyatai_04	2	2	2	3	2	1	1	2	1	1	2	1	2	1	2	1	1	1	1	3	1	2	2	1	1	2	2	2	1	1	4	2	4	3	3	1	5	5	5	1	1	2	NA	4	1	5	5	4	3	1	1	2	NA	1	1	2	1	1	1	1	1	1	1	4	2	3	3	3	2	2	2
Pristimantis miyatai_05	2	2	2	3	2	1	1	2	1	1	2	1	2	1	2	1	1	1	1	3	1	2	2	1	1	2	2	2	1	1	4	2	4	3	3	1	5	5	5	1	1	2	NA	4	1	5	5	4	3	1	1	2	NA	1	1	2	1	1	1	1	1	1	1	4	2	3	3	3	2	2	2
Pristimantis miyatai_06	2	2	2	3	2	1	1	2	1	1	2	1	2	1	2	1	1	1	1	3	1	2	2	1	1	2	2	2	1	1	4	2	4	3	3	1	5	5	5	1	1	2	NA	4	1	5	5	4	3	1	1	2	NA	1	1	2	1	1	1	1	1	1	1	4	2	3	3	3	2	2	2
Pristimantis miyatai_07	2	2	2	3	2	1	1	2	1	1	2	1	2	1	2	1	1	1	1	3	1	2	2	1	1	2	2	2	1	1	4	2	4	3	3	1	5	5	5	1	1	2	NA	4	1	5	5	4	3	1	1	2	NA	1	1	2	1	1	1	1	1	1	1	4	2	3	3	3	2	2	2
Pristimantis miyatai_08	2	2	2	3	2	1	1	2	1	1	2	1	2	1	2	1	1	1	1	3	1	2	2	1	1	2	2	2	1	1	4	2	4	3	3	1	5	5	5	1	1	2	NA	4	1	5	5	4	3	1	1	2	NA	1	1	2	1	1	1	1	1	1	1	4	2	3	3	3	2	2	2
Pristimantis miyatai_09	2	2	2	3	2	1	1	2	1	1	2	1	2	1	2	1	1	1	1	3	1	2	2	1	1	2	2	2	1	1	4	2	4	3	3	1	5	5	5	1	1	2	NA	4	1	5	5	4	3	1	1	2	NA	1	1	2	1	1	1	1	1	1	1	4	2	3	3	3	2	2	2
Pristimantis miyatai_10	2	2	2	3	2	1	1	2	1	1	2	1	2	1	2	1	1	1	1	3	1	2	2	1	1	2	2	2	1	1	4	2	4	3	3	1	5	5	5	1	1	2	NA	4	1	5	5	4	3	1	1	2	NA	1	1	2	1	1	1	1	1	1	1	4	2	3	3	3	2	2	2
Pristimantis merostictus_01	1	2	2	3	2	1	1	2	1	1	2	1	2	1	2	1	1	1	1	3	1	2	2	1	1	2	2	2	1	1	4	2	4	3	3	1	5	5	5	1	1	2	NA	4	1	5	3	4	3	1	1	1	2	1	1	2	1	5	5	5	1	1	1	4	2	2	4	3	2	2	2
Pristimantis merostictus_02	2	2	2	3	2	1	1	2	1	1	2	1	2	1	2	1	1	1	1	3	1	2	2	1	1	2	2	2	1	1	4	2	4	3	3	1	5	5	5	1	1	2	NA	4	1	5	3	4	3	1	1	1	2	1	1	2	1	5	5	5	1	1	1	4	2	2	4	3	2	2	2
Pristimantis merostictus_03	2	2	2	3	2	1	1	2	1	1	2	1	2	1	2	1	1	1	1	3	1	2	2	1	1	2	2	2	1	1	4	2	4	3	3	1	5	5	5	1	1	2	NA	4	1	5	3	4	3	1	1	1	2	1	1	2	1	5	5	5	1	1	1	4	2	2	4	3	2	2	2
Pristimantis merostictus_04	2	2	2	3	2	1	1	2	1	1	2	1	2	1	2	1	1	1	1	3	1	2	2	1	1	2	2	2	1	1	4	2	4	3	3	1	5	5	5	1	1	2	NA	4	1	5	3	4	3	1	1	1	2	1	1	2	1	5	5	5	1	1	1	4	2	2	4	3	2	2	2
Pristimantis merostictus_05	1	2	2	3	2	1	1	2	1	1	2	1	2	1	2	1	1	1	1	3	1	2	2	1	1	2	2	2	1	1	4	2	4	3	3	1	5	5	5	1	1	2	NA	4	1	5	3	4	3	1	1	1	2	1	1	2	1	5	5	5	1	1	1	4	2	2	4	3	2	2	2
Pristimantis merostictus_06	1	2	2	3	2	1	1	2	1	1	2	1	2	1	2	1	1	1	1	3	1	2	2	1	1	2	2	2	1	1	4	2	4	3	3	1	5	5	5	1	1	2	NA	4	1	5	3	4	3	1	1	1	2	1	1	2	1	5	5	5	1	1	1	4	2	2	4	3	2	2	2
Pristimantis merostictus_07	1	2	2	3	2	1	1	2	1	1	2	1	2	1	2	1	1	1	1	3	1	2	2	1	1	2	2	2	1	1	4	2	4	3	3	1	5	5	5	1	1	2	NA	4	1	5	3	4	3	1	1	1	2	1	1	2	1	5	5	5	1	1	1	4	2	2	4	3	2	2	2
Pristimantis merostictus_08	1	2	2	3	2	1	1	2	1	1	2	1	2	1	2	1	1	1	1	3	1	2	2	1	1	2	2	2	1	1	4	2	4	3	3	1	5	5	5	1	1	2	NA	4	1	5	3	4	3	1	1	1	2	1	1	2	1	5	5	5	1	1	1	4	2	2	4	3	2	2	2
Pristimantis merostictus_09	1	2	2	3	2	1	1	2	1	1	2	1	2	1	2	1	1	1	1	3	1	2	2	1	1	2	2	2	1	1	4	2	4	3	3	1	5	5	5	1	1	2	NA	4	1	5	3	4	3	1	1	1	2	1	1	2	1	5	5	5	1	1	1	4	2	2	4	3	2	2	2
Pristimantis merostictus_10	1	2	2	3	2	1	1	2	1	1	2	1	2	1	2	1	1	1	1	3	1	2	2	1	1	2	2	2	1	1	4	2	4	3	3	1	5	5	5	1	1	2	NA	4	1	5	3	4	3	1	1	1	2	1	1	2	1	5	5	5	1	1	1	4	2	2	4	3	2	2	2
Pristimantis lynchi_01	1	2	2	3	2	1	1	2	1	1	2	1	2	1	2	1	1	1	1	3	1	2	2	1	1	2	2	2	1	1	4	2	4	3	3	1	5	5	5	1	1	2	NA	4	1	5	3	4	3	1	1	1	2	1	1	2	1	5	5	5	1	1	1	4	2	2	4	3	2	2	2
Pristimantis lynchi_02	2	2	2	3	2	1	1	2	1	1	2	1	2	1	2	1	1	1	1	3	1	2	2	1	1	2	2	2	1	1	4	2	4	3	1	1	5	5	5	1	1	2	NA	4	1	5	3	4	3	1	1	1	2	1	1	2	1	5	5	5	1	2	1	4	2	3	4	3	2	2	2
Pristimantis lutitus_01	2	2	2	3	2	1	1	2	1	1	2	1	2	1	2	1	1	1	1	3	1	2	2	1	1	2	2	2	1	1	4	2	4	3	1	1	5	5	5	1	1	2	NA	4	1	5	3	4	3	1	1	1	2	1	1	2	1	5	5	5	1	2	1	4	2	3	4	3	2	2	2
Pristimantis lutitus_02	2	2	2	3	2	1	1	2	1	1	2	1	2	1	2	1	1	1	1	3	1	2	2	1	1	2	2	2	1	1	4	2	4	3	1	1	5	5	5	1	1	2	NA	4	1	5	3	4	3	1	1	1	2	1	1	2	1	5	5	5	5	1	1	4	2	2	4	3	2	2	2
Pristimantis lutitus_03	1	2	2	3	2	1	1	2	1	1	2	1	2	1	2	1	1	1	1	3	1	2	2	1	1	2	2	2	1	1	4	2	4	3	1	1	5	5	5	1	1	2	NA	4	1	5	3	4	3	1	1	1	2	1	1	2	1	5	5	5	5	1	1	4	2	2	4	3	2	2	2
Pristimantis lutitus_04	1	2	2	3	2	1	1	2	1	1	2	1	2	1	2	1	1	1	1	3	1	2	2	1	1	2	2	2	1	1	4	2	4	3	1	1	5	5	5	1	1	2	NA	4	1	5	3	4	3	1	1	1	2	1	1	2	1	5	5	5	5	1	1	4	2	2	4	3	2	2	2
Pristimantis lutitus_05	1	2	2	3	2	1	1	2	1	1	2	1	2	1	2	1	1	1	1	3	1	2	2	1	1	2	2	2	1	1	4	2	4	3	1	1	5	5	5	1	1	2	NA	4	1	5	3	4	3	1	1	1	2	1	1	2	1	5	5	5	5	1	1	4	2	2	4	3	2	2	2
Pristimantis lutitus_06	1	2	2	3	2	1	1	2	1	1	2	1	2	1	2	1	1	1	1	3	1	2	2	1	1	2	2	2	1	1	4	2	4	3	1	1	5	5	5	1	1	2	NA	4	1	5	3	4	3	1	1	1	2	1	1	2	1	5	5	5	5	1	1	4	2	2	4	3	2	2	2
Pristimantis lutitus_07	1	2	2	3	2	1	1	2	1	1	2	1	2	1	2	1	1	1	1	3	1	2	2	1	1	2	2	2	1	1	4	2	4	3	1	1	5	5	5	1	1	2	NA	4	1	5	3	4	3	1	1	1	2	1	1	2	1	5	5	5	5	1	1	4	2	2	4	3	2	2	2
Pristimantis lutitus_08	1	2	2	3	2	1	1	2	1	1	2	1	2	1	2	1	1	1	1	3	1	2	2	1	1	2	2	2	1	1	4	2	4	3	1	1	5	5	5	1	1	2	NA	4	1	5	3	4	3	1	1	1	2	1	1	2	1	5	5	5	5	1	1	4	2	2	4	3	2	2	2
Pristimantis lutitus_09	1	2	2	3	2	1	1	2	1	1	2	1	2	1	2	1	1	1	1	3	1	2	2	1	1	2	2	2	1	1	4	2	4	3	1	1	5	5	5	1	1	2	NA	4	1	5	3	4	3	1	1	1	2	1	1	2	1	5	5	5	5	1	1	4	2	2	4	3	2	2	2
Pristimantis lutitus_10	1	2	2	3	2	1	1	2	1	1	2	1	2	1	2	1	1	1	1	3	1	2	2	1	1	2	2	2	1	1	4	2	4	3	1	1	5	5	5	1	1	2	NA	4	1	5	3	4	3	1	1	1	2	1	1	2	1	5	5	5	5	1	1	4	2	2	4	3	2	2	2
Pristimantis juanchoi_01	2	2	2	3	2	1	1	2	1	1	2	1	2	1	2	1	1	1	1	3	1	2	2	1	1	2	2	1	1	1	4	2	4	3	1	1	5	5	5	1	1	2	NA	4	1	5	3	4	3	1	1	1	2	1	1	2	1	5	5	5	5	1	1	4	2	2	4	3	2	2	2
Pristimantis jorgevelosai_01	2	2	2	3	3	1	1	2	1	1	2	1	2	1	2	1	1	1	1	3	1	2	2	1	1	2	2	2	1	1	4	2	4	3	1	1	5	5	5	1	1	2	NA	4	1	5	1	4	1	1	1	2	NA	1	1	2	1	5	5	5	5	1	1	4	2	1	4	3	2	2	2
Pristimantis jorgevelosai_02	2	2	2	1	3	1	1	2	1	1	2	1	2	1	2	1	1	1	1	3	1	2	2	1	1	2	2	2	1	1	4	2	4	3	1	1	5	5	5	1	1	2	NA	4	1	5	1	4	1	1	1	2	NA	1	1	2	1	5	5	5	5	1	1	4	2	1	4	3	2	2	2
Pristimantis jorgevelosai_03	2	2	2	1	3	1	1	2	1	1	2	1	2	1	2	1	1	1	1	3	1	2	2	1	1	2	2	2	1	1	4	2	4	3	1	1	5	5	5	1	1	2	NA	4	1	5	1	4	1	1	1	2	NA	1	1	2	1	5	5	5	5	1	1	4	2	1	4	3	2	2	2
Pristimantis jorgevelosai_04	2	2	2	1	3	1	1	2	1	1	2	1	2	1	2	1	1	1	1	3	1	2	2	1	1	2	2	2	1	1	4	2	4	3	1	1	5	5	5	1	1	2	NA	4	1	5	1	4	1	1	1	2	NA	1	1	2	1	5	5	5	5	1	1	4	2	1	4	3	2	2	2
Pristimantis jorgevelosai_05	2	2	2	3	3	1	1	2	1	1	2	1	2	1	2	1	1	1	1	3	1	2	2	1	1	2	2	2	1	1	4	2	4	3	1	1	5	5	5	1	1	2	NA	4	1	5	1	4	1	1	1	2	NA	1	1	2	1	5	5	5	5	1	1	4	2	1	4	3	2	2	2
Pristimantis jorgevelosai_06	2	2	2	3	3	1	1	2	1	1	2	1	2	1	2	1	1	1	1	3	1	2	2	1	1	2	2	2	1	1	4	2	4	3	1	1	5	5	5	1	1	2	NA	4	1	5	1	4	1	1	1	2	NA	1	1	2	1	5	5	5	5	1	1	4	2	1	4	3	2	2	2
Pristimantis erythropleura_01	2	1	2	3	2	1	1	2	1	1	1	1	2	1	2	1	1	1	1	3	1	2	2	1	1	2	2	1	1	1	4	2	4	3	1	1	5	5	5	1	1	2	NA	4	1	5	3	4	3	1	1	1	2	1	1	2	1	5	5	5	5	1	1	4	2	1	3	3	2	2	2
Pristimantis bicolor_01	1	2	2	3	2	1	1	2	1	1	1	1	2	1	2	1	1	1	1	3	1	2	2	1	1	2	2	2	1	1	4	2	3	3	1	1	5	5	5	1	1	2	NA	4	1	5	1	4	1	1	1	2	NA	1	1	2	1	5	5	5	5	1	1	4	2	1	4	3	2	2	2
Pristimantis bicolor_02	1	2	2	3	2	1	1	2	1	1	1	1	2	1	2	1	1	1	1	3	1	2	2	1	1	2	2	2	1	1	4	2	3	3	1	1	5	5	5	1	1	2	NA	4	1	5	1	4	1	1	1	2	NA	1	1	2	1	5	5	5	5	1	1	4	2	1	4	3	2	2	2
Pristimantis bicolor_03	1	2	2	3	2	1	1	2	1	1	1	1	2	1	2	1	1	1	1	3	1	2	2	1	1	2	2	2	1	1	4	2	3	3	1	1	5	5	5	1	1	2	NA	4	1	5	1	4	1	1	1	2	NA	1	1	2	1	5	5	5	5	1	1	4	2	1	4	3	2	2	2
Pristimantis bicolor_04	1	2	2	3	2	1	1	2	1	1	1	1	2	1	2	1	1	1	1	3	1	2	2	1	1	2	2	2	1	1	4	2	3	3	1	1	5	5	5	1	1	2	NA	4	1	5	1	4	1	1	1	2	NA	1	1	2	1	5	5	5	5	1	1	4	2	1	4	3	2	2	2
Pristimantis bicolor_05	1	2	2	3	2	1	1	2	1	1	1	1	2	1	2	1	1	1	1	3	1	2	2	1	1	2	2	2	1	1	4	2	3	3	1	1	5	5	5	1	1	2	NA	4	1	5	1	4	1	1	1	2	NA	1	1	2	1	5	5	5	5	1	1	4	2	1	4	3	2	2	2
Pristimantis bicolor_06	1	2	2	3	2	1	1	2	1	1	1	1	2	1	2	1	1	1	1	3	1	2	2	1	1	2	2	2	1	1	4	2	3	3	1	1	5	5	5	1	1	2	NA	4	1	5	1	4	1	1	1	2	NA	1	1	2	1	5	5	5	5	1	1	4	2	1	4	3	2	2	2
Pristimantis bicolor_07	1	2	2	3	2	1	1	2	1	1	1	1	2	1	2	1	1	1	1	3	1	2	2	1	1	2	2	2	1	1	4	2	3	3	1	1	5	5	5	1	1	2	NA	4	1	5	1	4	1	1	1	2	NA	1	1	2	1	5	5	5	5	1	1	4	2	1	4	3	2	2	2
Pristimantis bicolor_08	1	2	2	3	2	1	1	2	1	1	1	1	2	1	2	1	1	1	1	3	1	2	2	1	1	2	2	2	1	1	4	2	3	3	1	1	5	5	5	1	1	2	NA	4	1	5	1	4	1	1	1	2	NA	1	1	2	1	5	5	5	5	1	1	4	2	1	4	3	2	2	2
Pristimantis bicolor_09	1	2	2	3	2	1	1	2	1	1	1	1	2	1	2	1	1	1	1	3	1	2	2	1	1	2	2	2	1	1	4	2	3	3	1	1	5	5	5	1	1	2	NA	4	1	5	1	4	1	1	1	2	NA	1	1	2	1	5	5	5	5	1	1	4	2	1	4	3	2	2	2
Pristimantis bicolor_10	1	2	2	3	2	1	1	2	1	1	1	1	2	1	2	1	1	1	1	3	1	2	2	1	1	2	2	2	1	1	4	2	3	3	1	1	5	5	5	1	1	2	NA	4	1	5	1	4	1	1	1	2	NA	1	1	2	1	5	5	5	5	1	1	4	2	1	4	3	2	2	2
Pristimantis bacchus_01	2	1	2	3	2	1	1	2	1	1	1	1	2	1	2	1	1	1	1	3	1	2	2	1	1	2	2	2	1	1	4	2	4	3	1	1	5	5	5	1	1	2	NA	4	1	5	5	4	1	1	1	2	NA	1	1	2	1	5	5	5	5	1	1	4	2	1	4	3	2	2	2
Pristimantis bacchus_02	2	1	2	3	2	1	1	2	1	1	1	1	2	1	2	1	1	1	1	3	1	2	2	1	1	2	2	2	1	1	4	2	4	3	1	1	5	5	5	1	1	2	NA	4	1	5	5	4	1	1	1	2	NA	1	1	2	1	5	5	5	5	1	1	4	2	1	4	3	2	2	2
Pristimantis bacchus_03	1	1	2	3	2	1	1	2	1	1	1	1	2	1	2	1	1	1	1	3	1	2	2	1	1	2	2	2	1	1	4	2	4	3	1	1	5	5	5	1	1	2	NA	4	1	5	5	4	1	1	1	2	NA	1	1	2	1	5	5	5	5	1	1	4	2	1	4	3	2	2	2
Pristimantis anolirex_01	1	2	2	3	3	1	1	2	1	1	2	1	2	1	2	1	1	1	1	3	1	2	2	1	1	2	2	1	1	1	4	2	3	3	2	1	5	5	5	1	1	2	NA	4	1	2	3	4	3	1	1	1	2	1	1	2	1	5	5	5	5	1	1	4	2	5	4	3	2	2	2
Pristimantis anolirex_02	1	2	2	3	3	1	1	2	1	1	2	1	2	1	2	1	1	1	1	3	1	2	2	1	1	2	2	1	1	1	4	2	3	3	2	1	5	5	5	1	1	2	NA	4	1	2	3	4	3	1	1	1	2	1	1	2	1	5	5	5	5	1	1	4	2	5	4	3	2	2	2
Pristimantis anolirex_03	2	2	2	3	3	1	1	2	1	1	2	1	2	1	2	1	1	1	1	3	1	2	2	1	1	2	2	1	1	1	4	2	3	3	2	1	5	5	5	1	1	2	NA	4	1	2	3	4	3	1	1	1	2	1	1	2	1	5	5	5	5	1	1	4	2	5	4	3	2	2	2
Pristimantis anolirex_04	2	2	2	3	3	1	1	2	1	1	2	1	2	1	2	1	1	1	1	3	1	2	2	1	1	2	2	1	1	1	4	2	3	3	2	1	5	5	5	1	1	2	NA	4	1	2	3	4	3	1	1	1	2	1	1	2	1	5	5	5	5	1	1	4	2	5	4	3	2	2	2
Pristimantis anolirex_05	2	2	2	3	3	1	1	2	1	1	2	1	2	1	2	1	1	1	1	3	1	2	2	1	1	2	2	1	1	1	4	2	3	3	2	1	5	5	5	1	1	2	NA	4	1	2	3	4	3	1	1	1	2	1	1	2	1	5	5	5	5	1	1	4	2	5	4	3	2	2	2
Pristimantis anolirex_06	2	2	2	3	3	1	1	2	1	1	2	1	2	1	2	1	1	1	1	3	1	2	2	1	1	2	2	1	1	1	4	2	3	3	2	1	5	5	5	1	1	2	NA	4	1	2	3	4	3	1	1	1	2	1	1	2	1	5	5	5	5	1	1	4	2	5	4	3	2	2	2
Pristimantis anolirex_07	1	2	2	3	3	1	1	2	1	1	2	1	2	1	2	1	1	1	1	3	1	2	2	1	1	2	2	1	1	1	4	2	3	3	2	1	5	5	5	1	1	2	NA	4	1	2	3	4	3	1	1	1	2	1	1	2	1	5	5	5	5	1	1	4	2	5	4	3	2	2	2
Pristimantis anolirex_08	1	2	2	3	3	1	1	2	1	1	2	1	2	1	2	1	1	1	1	3	1	2	2	1	1	2	2	1	1	1	4	2	3	3	2	1	5	5	5	1	1	2	NA	4	1	2	3	4	3	1	1	1	2	1	1	2	1	5	5	5	5	1	1	4	2	5	4	3	2	2	2
Pristimantis anolirex_09	1	2	2	3	3	1	1	2	1	1	2	1	2	1	2	1	1	1	1	3	1	2	2	1	1	2	2	1	1	1	4	2	3	3	2	1	5	5	5	1	1	2	NA	4	1	2	3	4	3	1	1	1	2	1	1	2	1	5	5	5	5	1	1	4	2	5	4	3	2	2	2
Pristimantis anolirex_10	2	2	2	3	3	1	1	2	1	1	2	1	2	1	2	1	1	1	1	3	1	2	2	1	1	2	2	1	1	1	4	2	3	3	2	1	5	5	5	1	1	2	NA	4	1	2	3	4	3	1	1	1	2	1	1	2	1	5	5	5	5	1	1	4	2	5	4	3	2	2	2
Pristimantis acutirostris_01	2	1	2	3	3	1	1	2	1	1	1	1	2	1	2	1	1	1	1	3	1	2	2	1	1	2	2	2	1	1	4	2	4	3	1	1	5	5	5	1	1	2	NA	4	1	5	5	4	1	1	1	2	NA	1	1	2	1	5	5	5	5	1	1	4	2	1	3	3	2	2	2
Tachiramantis prolixodiscus_01	1	1	2	3	3	1	1	2	1	1	1	1	2	1	2	1	1	1	1	3	1	2	2	1	1	2	2	2	1	1	4	2	4	3	3	1	5	5	5	1	1	2	NA	4	1	5	5	4	1	1	1	2	NA	1	1	2	1	5	5	5	5	1	1	4	2	1	3	3	2	2	2
Tachiramantis prolixodiscus_02	1	1	2	3	3	1	1	2	1	1	1	1	2	1	2	1	1	1	1	3	1	2	2	1	1	2	2	2	1	1	4	2	4	3	3	1	5	5	5	1	1	2	NA	4	1	5	5	4	1	1	1	2	NA	1	1	2	1	5	5	5	5	1	1	4	2	1	3	3	2	2	2
Tachiramantis prolixodiscus_03	1	1	2	3	3	2	1	2	1	1	1	1	2	1	2	1	1	1	1	3	1	2	2	1	1	2	2	2	1	1	4	2	4	3	3	1	5	5	5	1	1	2	NA	4	1	5	5	4	1	1	1	2	NA	1	1	2	1	5	5	5	5	1	1	4	2	1	3	3	2	2	2
Tachiramantis prolixodiscus_04	1	1	2	3	3	2	1	2	1	1	1	1	2	1	2	1	1	1	1	3	1	2	2	1	1	2	2	2	1	1	4	2	4	3	3	1	5	5	5	1	1	2	NA	4	1	5	5	4	1	1	1	2	NA	1	1	2	1	5	5	5	5	1	1	4	2	1	3	3	2	2	2
Tachiramantis prolixodiscus_05	1	1	2	3	3	2	1	2	1	1	1	1	2	1	2	1	1	1	1	3	1	2	2	1	1	2	2	2	1	1	4	2	4	3	3	1	5	5	5	1	1	2	NA	4	1	5	5	4	1	1	1	2	NA	1	1	2	1	5	5	5	5	1	1	4	2	1	3	3	2	2	2
Tachiramantis prolixodiscus_06	1	1	2	3	3	2	1	2	1	1	1	1	2	1	2	1	1	1	1	3	1	2	2	1	1	2	2	2	1	1	4	2	4	3	3	1	5	5	5	1	1	2	NA	4	1	5	5	4	1	1	1	2	NA	1	1	2	1	5	5	5	5	1	1	4	2	1	3	3	2	2	2
Tachiramantis prolixodiscus_07	1	1	2	3	3	2	1	2	1	1	1	1	2	1	2	1	1	1	1	3	1	2	2	1	1	2	2	2	1	1	4	2	4	3	3	1	5	5	5	1	1	2	NA	4	1	5	5	4	1	1	1	2	NA	1	1	2	1	5	5	5	5	1	1	4	2	1	3	3	2	2	2
Tachiramantis prolixodiscus_08	1	1	2	3	3	2	1	2	1	1	1	1	2	1	2	1	1	1	1	3	1	2	2	1	1	2	2	2	1	1	4	2	4	3	3	1	5	5	5	1	1	2	NA	4	1	5	5	4	1	1	1	2	NA	1	1	2	1	5	5	5	5	1	1	4	2	1	3	3	2	2	2
Tachiramantis prolixodiscus_09	1	1	2	3	3	2	1	2	1	1	1	1	2	1	2	1	1	1	1	3	1	2	2	1	1	2	2	2	1	1	4	2	4	3	3	1	5	5	5	1	1	2	NA	4	1	5	5	4	1	1	1	2	NA	1	1	2	1	5	5	5	5	1	1	4	2	1	3	3	2	2	2
Tachiramantis prolixodiscus_10	1	1	2	3	3	2	1	2	1	1	1	1	2	1	2	1	1	1	1	3	1	2	2	1	1	2	2	2	1	1	4	2	4	3	3	1	5	5	5	1	1	2	NA	4	1	5	5	4	1	1	1	2	NA	1	1	2	1	5	5	5	5	1	1	4	2	1	3	3	2	2	2
Tachiramantis douglasi_01	1	1	2	3	3	2	1	2	1	1	1	1	2	1	2	1	1	1	1	3	1	2	2	1	1	2	2	2	1	1	4	2	4	3	3	1	5	5	5	1	1	2	NA	4	1	5	5	4	1	1	1	2	NA	1	1	2	1	5	5	5	5	1	2	4	2	3	3	3	2	2	2
Tachiramantis douglasi_02	1	1	2	3	3	2	1	2	1	1	1	1	2	1	2	1	1	1	1	3	1	2	2	1	1	2	2	2	1	1	4	2	4	3	3	1	5	5	5	1	1	2	NA	4	1	5	5	4	1	1	1	2	NA	1	1	2	1	5	5	5	5	1	2	4	2	3	3	3	2	2	2
Tachiramantis douglasi_03	1	1	2	3	3	2	1	2	1	1	1	1	2	1	2	1	1	1	1	3	1	2	2	1	1	2	2	2	1	1	4	2	4	3	3	1	5	5	5	1	1	2	NA	4	1	5	5	4	1	1	1	2	NA	1	1	2	1	5	5	5	5	1	2	4	2	3	3	3	2	2	2
Tachiramantis douglasi_04	1	1	2	3	3	2	1	2	1	1	1	1	2	1	2	1	1	1	1	3	1	2	2	1	1	2	2	2	1	1	4	2	4	3	3	1	5	5	5	1	1	2	NA	4	1	5	5	4	1	1	1	2	NA	1	1	2	1	5	5	5	5	1	2	4	2	3	3	3	2	2	2
Tachiramantis douglasi_05	1	1	2	3	3	2	1	2	1	1	1	1	2	1	2	1	1	1	1	3	1	2	2	1	1	2	2	2	1	1	4	2	4	3	3	1	5	5	5	1	1	2	NA	4	1	5	5	4	1	1	1	2	NA	1	1	2	1	5	5	5	5	1	2	4	2	3	3	3	2	2	2
Tachiramantis douglasi_06	1	1	2	3	3	2	1	2	1	1	1	1	2	1	2	1	1	1	1	3	1	2	2	1	1	2	2	2	1	1	4	2	4	3	3	1	5	5	5	1	1	2	NA	4	1	5	5	4	1	1	1	2	NA	1	1	2	1	5	5	5	5	1	2	4	2	3	3	3	2	2	2
Tachiramantis douglasi_07	1	1	2	3	3	2	1	2	1	1	1	1	2	1	2	1	1	1	1	3	1	2	2	1	1	2	2	2	1	1	4	2	4	3	3	1	5	5	5	1	1	2	NA	4	1	5	5	4	1	1	1	2	NA	1	1	2	1	5	5	5	5	1	2	4	2	3	3	3	2	2	2
Tachiramantis douglasi_08	1	1	2	3	3	2	1	2	1	1	1	1	2	1	2	1	1	1	1	3	1	2	2	1	1	2	2	2	1	1	4	2	4	3	3	1	5	5	5	1	1	2	NA	4	1	5	5	4	1	1	1	2	NA	1	1	2	1	5	5	5	5	1	2	4	2	3	3	3	2	2	2
Tachiramantis douglasi_09	1	1	2	3	3	2	1	2	1	1	1	1	2	1	2	1	1	1	1	3	1	2	2	1	1	2	2	2	1	1	4	2	4	3	3	1	5	5	5	1	1	2	NA	4	1	5	5	4	1	1	1	2	NA	1	1	2	1	5	5	5	5	1	2	4	2	3	3	3	2	2	2
Tachiramantis douglasi_10	1	1	2	3	3	2	1	2	1	1	1	1	2	1	2	1	1	1	1	3	1	2	2	1	1	2	2	2	1	1	4	2	4	3	3	1	5	5	5	1	1	2	NA	4	1	5	5	4	1	1	1	2	NA	1	1	2	1	5	5	5	5	1	2	4	2	3	3	3	2	2	2
Diasporus anthrax_01	1	2	2	3	3	1	1	2	1	1	1	1	2	3	2	2	1	1	1	3	1	2	1	1	3	NA	NA	1	1	2	4	2	4	2	3	4	5	5	5	1	1	2	NA	1	1	5	5	4	3	1	1	2	NA	1	1	2	3	5	5	5	5	1	2	4	2	1	4	3	2	2	2
Diasporus anthrax_02	1	2	2	3	3	1	1	2	1	1	1	1	2	3	2	2	1	1	1	3	1	2	1	1	3	NA	NA	1	1	2	4	2	4	2	3	4	5	5	5	1	1	2	NA	1	1	5	5	4	3	1	1	2	NA	1	1	2	3	5	5	5	5	1	2	4	2	1	4	3	2	2	2
Diasporus anthrax_03	1	2	2	3	3	1	1	2	1	1	1	1	2	3	2	2	1	1	1	3	1	2	1	1	3	NA	NA	1	1	2	4	2	4	2	3	4	5	5	5	1	1	2	NA	1	1	5	5	4	3	1	1	2	NA	1	1	2	3	5	5	5	5	1	2	4	2	1	4	3	2	2	2
Eleutherodactylus johnstonei_01	1	2	2	3	3	1	1	2	1	1	1	1	2	1	2	2	1	1	1	3	1	2	2	1	1	2	2	1	1	2	4	2	4	2	3	1	5	5	5	1	1	2	NA	1	1	5	5	4	3	1	1	2	NA	1	1	2	3	5	5	5	5	1	2	4	2	3	3	3	2	2	2
Eleutherodactylus johnstonei_02	1	2	2	3	3	1	1	2	1	1	1	1	2	1	2	2	1	1	1	3	1	2	2	1	1	2	2	1	1	2	4	2	4	2	3	1	5	5	5	1	1	2	NA	1	1	5	5	4	3	1	1	2	NA	1	1	2	3	5	5	5	5	1	2	4	2	3	3	3	2	2	2
Eleutherodactylus johnstonei_03	1	2	2	3	3	1	1	2	1	1	1	1	2	1	2	2	1	1	1	3	1	2	2	1	1	2	2	1	1	2	4	2	4	2	3	1	5	5	5	1	1	2	NA	1	1	5	5	4	3	1	1	2	NA	1	1	2	3	5	5	5	5	1	2	4	2	3	3	3	2	2	2
Eleutherodactylus johnstonei_04	1	2	2	3	3	1	1	2	1	1	1	1	2	1	2	2	1	1	1	3	1	2	2	1	1	2	2	1	1	2	4	2	4	2	3	1	5	5	5	1	1	2	NA	1	1	5	5	4	3	1	1	2	NA	1	1	2	3	5	5	5	5	1	2	4	2	3	3	3	2	2	2
Eleutherodactylus johnstonei_05	1	2	2	3	3	1	1	2	1	1	1	1	2	1	2	2	1	1	1	3	1	2	2	1	1	2	2	1	1	2	4	2	4	2	3	1	5	5	5	1	1	2	NA	1	1	5	5	4	3	1	1	2	NA	1	1	2	3	5	5	5	5	1	2	4	2	3	3	3	2	2	2
Eleutherodactylus johnstonei_06	1	2	2	3	3	1	1	2	1	1	1	1	2	1	2	2	1	1	1	3	1	2	2	1	1	2	2	1	1	2	4	2	4	2	3	1	5	5	5	1	1	2	NA	1	1	5	5	4	3	1	1	2	NA	1	1	2	3	5	5	5	5	1	2	4	2	3	3	3	2	2	2
Eleutherodactylus johnstonei_07	1	2	2	3	3	1	1	2	1	1	1	1	2	1	2	2	1	1	1	3	1	2	2	1	1	2	2	1	1	2	4	2	4	2	3	1	5	5	5	1	1	2	NA	1	1	5	5	4	3	1	1	2	NA	1	1	2	3	5	5	5	5	1	2	4	2	3	3	3	2	2	2
Eleutherodactylus johnstonei_08	1	2	2	3	3	1	1	2	1	1	1	1	2	1	2	2	1	1	1	3	1	2	2	1	1	2	2	1	1	2	4	2	4	2	3	1	5	5	5	1	1	2	NA	1	1	5	5	4	3	1	1	2	NA	1	1	2	3	5	5	5	5	1	2	4	2	3	3	3	2	2	2
Eleutherodactylus johnstonei_09	1	2	2	3	3	1	1	2	1	1	1	1	2	1	2	2	1	1	1	3	1	2	2	1	1	2	2	1	1	2	4	2	4	2	3	1	5	5	5	1	1	2	NA	1	1	5	5	4	3	1	1	2	NA	1	1	2	3	5	5	5	5	1	2	4	2	3	3	3	2	2	2
Eleutherodactylus johnstonei_10	1	2	2	3	3	1	1	2	1	1	1	1	2	1	2	2	1	1	1	3	1	2	2	1	1	2	2	1	1	2	4	2	4	2	3	1	5	5	5	1	1	2	NA	1	1	5	5	4	3	1	1	2	NA	1	1	2	3	5	5	5	5	1	2	4	2	3	3	3	2	2	2
